   1.0000000e+00   3.3333333e-02
   5.0000000e+00   1.7241379e-01
   1.0000000e+01   1.0000000e-01
   5.0000000e+01   6.8965517e-02
   1.0000000e+02   2.6666667e-01
   5.0000000e+02   6.8000000e-01
   1.0000000e+03   9.3750000e-01
   5.0000000e+03   9.6000000e-01
   1.0000000e+04   1.0000000e+00
   5.0000000e+04   1.0000000e+00
   1.0000000e+05   1.0000000e+00
   5.0000000e+05   1.0000000e+00
   1.0000000e+06   1.0000000e+00
   5.0000000e+06   1.0000000e+00
   1.0000000e+07   1.0000000e+00
   5.0000000e+07   1.0000000e+00
   1.0000000e+08   1.0000000e+00
   5.0000000e+08   1.0000000e+00
   1.0000000e+09   1.0000000e+00
   5.0000000e+09   1.0000000e+00
   1.0000000e+10   1.0000000e+00
   1.0000000e+00   1.1111111e-01
   1.0000000e+01   1.8518519e-01
   5.0000000e+01   1.0526316e-01
   1.0000000e+02   2.9629630e-01
   5.0000000e+02   4.8148148e-01
   1.0000000e+03   9.1666667e-01
   5.0000000e+03   1.0000000e+00
   1.0000000e+04   9.1666667e-01
   5.0000000e+04   9.6551724e-01
   1.0000000e+05   9.5833333e-01
   5.0000000e+05   1.0000000e+00
   1.0000000e+06   1.0000000e+00
   5.0000000e+06   1.0000000e+00
   1.0000000e+07   1.0000000e+00
   5.0000000e+07   1.0000000e+00
   1.0000000e+08   1.0000000e+00
   5.0000000e+08   1.0000000e+00
   1.0000000e+09   1.0000000e+00
   5.0000000e+09   1.0000000e+00
   1.0000000e+10   1.0000000e+00
   1.0000000e+00   9.5238095e-02
   5.0000000e+00   2.1739130e-01
   1.0000000e+01   9.5238095e-02
   5.0000000e+01   1.7391304e-01
   1.0000000e+02   2.3809524e-01
   5.0000000e+02   4.5454545e-01
   1.0000000e+03   9.5833333e-01
   5.0000000e+03   1.0000000e+00
   1.0000000e+04   9.5833333e-01
   5.0000000e+04   9.5238095e-01
   1.0000000e+05   1.0000000e+00
   5.0000000e+05   1.0000000e+00
   1.0000000e+06   1.0000000e+00
   5.0000000e+06   1.0000000e+00
   1.0000000e+07   1.0000000e+00
   5.0000000e+07   1.0000000e+00
   1.0000000e+08   1.0000000e+00
   5.0000000e+08   1.0000000e+00
   1.0000000e+09   1.0000000e+00
   5.0000000e+09   1.0000000e+00
   1.0000000e+10   1.0000000e+00
   1.0000000e+00   1.8750000e-01
   5.0000000e+00   1.7857143e-01
   1.0000000e+01   6.2500000e-02
   5.0000000e+01   1.4285714e-01
   1.0000000e+02   2.5000000e-01
   5.0000000e+02   5.2941176e-01
   1.0000000e+03   9.5652174e-01
   5.0000000e+03   1.0000000e+00
   1.0000000e+04   1.0000000e+00
   5.0000000e+04   1.0000000e+00
   1.0000000e+05   1.0000000e+00
   5.0000000e+05   1.0000000e+00
   1.0000000e+06   1.0000000e+00
   5.0000000e+06   1.0000000e+00
   1.0000000e+07   1.0000000e+00
   5.0000000e+07   1.0000000e+00
   1.0000000e+08   1.0000000e+00
   5.0000000e+08   1.0000000e+00
   1.0000000e+09   1.0000000e+00
   5.0000000e+09   1.0000000e+00
   1.0000000e+10   1.0000000e+00
   1.0000000e+00   1.5000000e-01
   5.0000000e+00   6.8965517e-02
   1.0000000e+01   1.5000000e-01
   5.0000000e+01   1.0344828e-01
   1.0000000e+02   1.5000000e-01
   5.0000000e+02   5.4545455e-01
   1.0000000e+03   9.4444444e-01
   5.0000000e+03   1.0000000e+00
   1.0000000e+04   1.0000000e+00
   5.0000000e+04   9.6000000e-01
   1.0000000e+05   1.0000000e+00
   5.0000000e+05   1.0000000e+00
   1.0000000e+06   1.0000000e+00
   5.0000000e+06   1.0000000e+00
   1.0000000e+07   1.0000000e+00
   5.0000000e+07   1.0000000e+00
   1.0000000e+08   1.0000000e+00
   5.0000000e+08   1.0000000e+00
   1.0000000e+09   1.0000000e+00
   5.0000000e+09   1.0000000e+00
   1.0000000e+10   1.0000000e+00
   1.0000000e+00   2.3076923e-01
   5.0000000e+00   1.0526316e-01
   1.0000000e+01   1.1538462e-01
   5.0000000e+01   2.6315789e-01
   1.0000000e+02   1.5384615e-01
   5.0000000e+02   7.4074074e-01
   1.0000000e+03   1.0000000e+00
   5.0000000e+03   1.0000000e+00
   1.0000000e+04   1.0000000e+00
   5.0000000e+04   1.0000000e+00
   1.0000000e+05   1.0000000e+00
   5.0000000e+05   1.0000000e+00
   1.0000000e+06   1.0000000e+00
   5.0000000e+06   1.0000000e+00
   1.0000000e+07   1.0000000e+00
   5.0000000e+07   1.0000000e+00
   1.0000000e+08   1.0000000e+00
   5.0000000e+08   1.0000000e+00
   1.0000000e+09   1.0000000e+00
   5.0000000e+09   1.0000000e+00
   1.0000000e+10   1.0000000e+00
   1.0000000e+00   1.5789474e-01
   5.0000000e+00   1.3636364e-01
   1.0000000e+01   1.0526316e-01
   5.0000000e+01   2.7272727e-01
   1.0000000e+02   1.5789474e-01
   5.0000000e+02   6.4285714e-01
   1.0000000e+03   9.2592593e-01
   5.0000000e+03   1.0000000e+00
   1.0000000e+04   9.6296296e-01
   5.0000000e+04   1.0000000e+00
   1.0000000e+05   1.0000000e+00
   5.0000000e+05   1.0000000e+00
   1.0000000e+06   1.0000000e+00
   5.0000000e+06   1.0000000e+00
   1.0000000e+07   1.0000000e+00
   5.0000000e+07   1.0000000e+00
   1.0000000e+08   1.0000000e+00
   5.0000000e+08   1.0000000e+00
   1.0000000e+09   1.0000000e+00
   5.0000000e+09   1.0000000e+00
   1.0000000e+10   1.0000000e+00
   1.0000000e+00   8.6956522e-02
   5.0000000e+00   2.0000000e-01
   1.0000000e+01   1.7391304e-01
   5.0000000e+01   3.2000000e-01
   1.0000000e+02   1.7391304e-01
   5.0000000e+02   5.0000000e-01
   1.0000000e+03   9.6153846e-01
   5.0000000e+03   9.5454545e-01
   1.0000000e+04   1.0000000e+00
   5.0000000e+04   1.0000000e+00
   1.0000000e+05   1.0000000e+00
   5.0000000e+05   1.0000000e+00
   1.0000000e+06   1.0000000e+00
   5.0000000e+06   1.0000000e+00
   1.0000000e+07   1.0000000e+00
   5.0000000e+07   1.0000000e+00
   1.0000000e+08   1.0000000e+00
   5.0000000e+08   1.0000000e+00
   1.0000000e+09   1.0000000e+00
   5.0000000e+09   1.0000000e+00
   1.0000000e+10   1.0000000e+00
   1.0000000e+00   2.0000000e-01
   5.0000000e+00   5.2631579e-02
   1.0000000e+01   2.8000000e-01
   5.0000000e+01   3.1578947e-01
   1.0000000e+02   3.6000000e-01
   5.0000000e+02   5.5555556e-01
   1.0000000e+03   9.5454545e-01
   5.0000000e+03   1.0000000e+00
   1.0000000e+04   1.0000000e+00
   5.0000000e+04   1.0000000e+00
   1.0000000e+05   1.0000000e+00
   5.0000000e+05   1.0000000e+00
   1.0000000e+06   1.0000000e+00
   5.0000000e+06   1.0000000e+00
   1.0000000e+07   1.0000000e+00
   5.0000000e+07   1.0000000e+00
   1.0000000e+08   1.0000000e+00
   5.0000000e+08   1.0000000e+00
   1.0000000e+09   1.0000000e+00
   5.0000000e+09   1.0000000e+00
   1.0000000e+10   1.0000000e+00
   1.0000000e+00   4.3478261e-02
   5.0000000e+00   1.3793103e-01
   1.0000000e+01   1.3043478e-01
   5.0000000e+01   2.4137931e-01
   1.0000000e+02   8.6956522e-02
   5.0000000e+02   5.8333333e-01
   1.0000000e+03   9.4736842e-01
   5.0000000e+03   9.5833333e-01
   1.0000000e+04   9.4736842e-01
   5.0000000e+04   1.0000000e+00
   1.0000000e+05   1.0000000e+00
   5.0000000e+05   1.0000000e+00
   1.0000000e+06   1.0000000e+00
   5.0000000e+06   1.0000000e+00
   1.0000000e+07   1.0000000e+00
   5.0000000e+07   1.0000000e+00
   1.0000000e+08   1.0000000e+00
   5.0000000e+08   1.0000000e+00
   1.0000000e+09   1.0000000e+00
   5.0000000e+09   1.0000000e+00
   1.0000000e+10   1.0000000e+00
   1.0000000e+00   8.0000000e-02
   5.0000000e+00   1.4705882e-01
   1.0000000e+01   8.0000000e-02
   5.0000000e+01   1.4705882e-01
   5.0000000e+02   5.1851852e-01
   1.0000000e+03   9.6774194e-01
   5.0000000e+03   1.0000000e+00
   1.0000000e+04   1.0000000e+00
   5.0000000e+04   1.0000000e+00
   1.0000000e+05   1.0000000e+00
   5.0000000e+05   1.0000000e+00
   1.0000000e+06   1.0000000e+00
   5.0000000e+06   1.0000000e+00
   1.0000000e+07   1.0000000e+00
   5.0000000e+07   1.0000000e+00
   1.0000000e+08   1.0000000e+00
   5.0000000e+08   1.0000000e+00
   1.0000000e+09   1.0000000e+00
   5.0000000e+09   1.0000000e+00
   1.0000000e+10   1.0000000e+00
   1.0000000e+00   2.9411765e-02
   5.0000000e+00   7.6923077e-02
   1.0000000e+01   1.7647059e-01
   5.0000000e+01   1.9230769e-01
   1.0000000e+02   1.7647059e-01
   5.0000000e+02   5.6000000e-01
   1.0000000e+03   1.0000000e+00
   5.0000000e+03   1.0000000e+00
   1.0000000e+04   9.0000000e-01
   5.0000000e+04   1.0000000e+00
   1.0000000e+05   9.0000000e-01
   5.0000000e+05   1.0000000e+00
   1.0000000e+06   1.0000000e+00
   5.0000000e+06   1.0000000e+00
   1.0000000e+07   1.0000000e+00
   5.0000000e+07   1.0000000e+00
   1.0000000e+08   1.0000000e+00
   5.0000000e+08   1.0000000e+00
   1.0000000e+09   1.0000000e+00
   5.0000000e+09   1.0000000e+00
   1.0000000e+10   1.0000000e+00
   1.0000000e+00   5.8823529e-02
   5.0000000e+00   2.1739130e-01
   1.0000000e+01   8.8235294e-02
   5.0000000e+01   2.1739130e-01
   1.0000000e+02   1.7647059e-01
   5.0000000e+02   5.9375000e-01
   1.0000000e+03   9.0909091e-01
   5.0000000e+03   1.0000000e+00
   1.0000000e+04   1.0000000e+00
   5.0000000e+04   1.0000000e+00
   1.0000000e+05   9.6969697e-01
   5.0000000e+05   1.0000000e+00
   1.0000000e+06   1.0000000e+00
   5.0000000e+06   1.0000000e+00
   1.0000000e+07   1.0000000e+00
   5.0000000e+07   1.0000000e+00
   1.0000000e+08   1.0000000e+00
   5.0000000e+08   1.0000000e+00
   1.0000000e+09   1.0000000e+00
   5.0000000e+09   1.0000000e+00
   1.0000000e+10   1.0000000e+00
   1.0000000e+00   1.1111111e-01
   5.0000000e+00   2.2580645e-01
   1.0000000e+01   2.2222222e-01
   5.0000000e+01   2.5806452e-01
   1.0000000e+02   3.3333333e-01
   5.0000000e+02   6.5625000e-01
   1.0000000e+03   9.5652174e-01
   5.0000000e+03   1.0000000e+00
   1.0000000e+04   1.0000000e+00
   5.0000000e+04   1.0000000e+00
   1.0000000e+05   1.0000000e+00
   5.0000000e+05   1.0000000e+00
   1.0000000e+06   1.0000000e+00
   5.0000000e+06   1.0000000e+00
   1.0000000e+07   1.0000000e+00
   5.0000000e+07   1.0000000e+00
   1.0000000e+08   1.0000000e+00
   5.0000000e+08   1.0000000e+00
   1.0000000e+09   1.0000000e+00
   5.0000000e+09   1.0000000e+00
   1.0000000e+10   1.0000000e+00
   1.0000000e+00   1.2500000e-01
   5.0000000e+00   1.3333333e-01
   1.0000000e+01   1.6666667e-01
   5.0000000e+01   6.6666667e-02
   1.0000000e+02   2.0833333e-01
   5.0000000e+02   7.0000000e-01
   1.0000000e+03   1.0000000e+00
   5.0000000e+03   1.0000000e+00
   1.0000000e+04   1.0000000e+00
   5.0000000e+04   1.0000000e+00
   1.0000000e+05   1.0000000e+00
   5.0000000e+05   1.0000000e+00
   1.0000000e+06   1.0000000e+00
   5.0000000e+06   1.0000000e+00
   1.0000000e+07   1.0000000e+00
   5.0000000e+07   1.0000000e+00
   1.0000000e+08   1.0000000e+00
   5.0000000e+08   1.0000000e+00
   1.0000000e+09   1.0000000e+00
   5.0000000e+09   1.0000000e+00
   1.0000000e+10   1.0000000e+00
   1.0000000e+00   1.4285714e-01
   5.0000000e+00   1.6000000e-01
   1.0000000e+01   1.4285714e-01
   5.0000000e+01   2.4000000e-01
   1.0000000e+02   3.3333333e-01
   5.0000000e+02   6.9230769e-01
   1.0000000e+03   9.0909091e-01
   5.0000000e+03   9.6153846e-01
   1.0000000e+04   1.0000000e+00
   5.0000000e+04   1.0000000e+00
   1.0000000e+05   1.0000000e+00
   5.0000000e+05   1.0000000e+00
   1.0000000e+06   1.0000000e+00
   5.0000000e+06   1.0000000e+00
   1.0000000e+07   1.0000000e+00
   5.0000000e+07   1.0000000e+00
   1.0000000e+08   1.0000000e+00
   5.0000000e+08   1.0000000e+00
   1.0000000e+09   1.0000000e+00
   5.0000000e+09   1.0000000e+00
   1.0000000e+10   1.0000000e+00
   1.0000000e+00   4.1666667e-02
   5.0000000e+00   7.6923077e-02
   1.0000000e+01   4.1666667e-02
   5.0000000e+01   1.5384615e-01
   5.0000000e+02   7.0967742e-01
   1.0000000e+03   9.6428571e-01
   5.0000000e+03   1.0000000e+00
   1.0000000e+04   1.0000000e+00
   5.0000000e+04   1.0000000e+00
   1.0000000e+05   1.0000000e+00
   5.0000000e+05   1.0000000e+00
   1.0000000e+06   1.0000000e+00
   5.0000000e+06   1.0000000e+00
   1.0000000e+07   1.0000000e+00
   5.0000000e+07   1.0000000e+00
   1.0000000e+08   1.0000000e+00
   5.0000000e+08   1.0000000e+00
   1.0000000e+09   1.0000000e+00
   5.0000000e+09   1.0000000e+00
   1.0000000e+10   1.0000000e+00
   1.0000000e+00   1.2500000e-01
   5.0000000e+00   0.0000000e+00
   1.0000000e+01   1.2500000e-01
   5.0000000e+01   2.2727273e-01
   1.0000000e+02   1.6666667e-01
   5.0000000e+02   5.1612903e-01
   1.0000000e+03   8.0000000e-01
   5.0000000e+03   9.6774194e-01
   1.0000000e+04   1.0000000e+00
   5.0000000e+04   1.0000000e+00
   1.0000000e+05   1.0000000e+00
   5.0000000e+05   1.0000000e+00
   1.0000000e+06   1.0000000e+00
   5.0000000e+06   1.0000000e+00
   1.0000000e+07   1.0000000e+00
   5.0000000e+07   1.0000000e+00
   1.0000000e+08   1.0000000e+00
   5.0000000e+08   1.0000000e+00
   1.0000000e+09   1.0000000e+00
   5.0000000e+09   1.0000000e+00
   1.0000000e+10   1.0000000e+00
   1.0000000e+00   1.9230769e-01
   5.0000000e+00   8.6956522e-02
   1.0000000e+01   2.3076923e-01
   5.0000000e+01   4.3478261e-02
   1.0000000e+02   3.8461538e-01
   5.0000000e+02   3.7500000e-01
   1.0000000e+03   1.0000000e+00
   5.0000000e+03   1.0000000e+00
   1.0000000e+04   9.5238095e-01
   5.0000000e+04   1.0000000e+00
   1.0000000e+05   1.0000000e+00
   5.0000000e+05   1.0000000e+00
   1.0000000e+06   1.0000000e+00
   5.0000000e+06   1.0000000e+00
   1.0000000e+07   1.0000000e+00
   5.0000000e+07   1.0000000e+00
   1.0000000e+08   1.0000000e+00
   5.0000000e+08   1.0000000e+00
   1.0000000e+09   1.0000000e+00
   5.0000000e+09   1.0000000e+00
   1.0000000e+10   1.0000000e+00
   1.0000000e+00   1.2500000e-01
   1.0000000e+01   9.3750000e-02
   5.0000000e+01   2.2727273e-01
   1.0000000e+02   1.8750000e-01
   5.0000000e+02   6.4285714e-01
   1.0000000e+03   9.1666667e-01
   5.0000000e+03   1.0000000e+00
   1.0000000e+04   1.0000000e+00
   5.0000000e+04   1.0000000e+00
   1.0000000e+05   1.0000000e+00
   5.0000000e+05   1.0000000e+00
   1.0000000e+06   1.0000000e+00
   5.0000000e+06   1.0000000e+00
   1.0000000e+07   1.0000000e+00
   5.0000000e+07   1.0000000e+00
   1.0000000e+08   1.0000000e+00
   5.0000000e+08   1.0000000e+00
   1.0000000e+09   1.0000000e+00
   5.0000000e+09   1.0000000e+00
   1.0000000e+10   1.0000000e+00
   1.0000000e+00   1.2903226e-01
   5.0000000e+00   1.5384615e-01
   1.0000000e+01   1.2903226e-01
   5.0000000e+01   1.9230769e-01
   1.0000000e+02   9.6774194e-02
   5.0000000e+02   5.0000000e-01
   1.0000000e+03   1.0000000e+00
   5.0000000e+03   1.0000000e+00
   1.0000000e+04   1.0000000e+00
   5.0000000e+04   9.6875000e-01
   1.0000000e+05   1.0000000e+00
   5.0000000e+05   1.0000000e+00
   1.0000000e+06   1.0000000e+00
   5.0000000e+06   1.0000000e+00
   1.0000000e+07   1.0000000e+00
   5.0000000e+07   1.0000000e+00
   1.0000000e+08   1.0000000e+00
   5.0000000e+08   1.0000000e+00
   1.0000000e+09   1.0000000e+00
   5.0000000e+09   1.0000000e+00
   1.0000000e+10   1.0000000e+00
   1.0000000e+00   1.5625000e-01
   5.0000000e+00   2.2222222e-01
   1.0000000e+01   1.8750000e-01
   5.0000000e+01   3.3333333e-01
   1.0000000e+02   2.1875000e-01
   5.0000000e+02   5.1851852e-01
   1.0000000e+03   8.9473684e-01
   5.0000000e+03   9.6296296e-01
   1.0000000e+04   1.0000000e+00
   5.0000000e+04   1.0000000e+00
   1.0000000e+05   1.0000000e+00
   5.0000000e+05   1.0000000e+00
   1.0000000e+06   1.0000000e+00
   5.0000000e+06   1.0000000e+00
   1.0000000e+07   1.0000000e+00
   5.0000000e+07   1.0000000e+00
   1.0000000e+08   1.0000000e+00
   5.0000000e+08   1.0000000e+00
   1.0000000e+09   1.0000000e+00
   5.0000000e+09   1.0000000e+00
   1.0000000e+10   1.0000000e+00
   1.0000000e+00   8.3333333e-02
   5.0000000e+00   3.3333333e-02
   1.0000000e+01   2.0833333e-01
   5.0000000e+01   2.3333333e-01
   1.0000000e+02   1.2500000e-01
   5.0000000e+02   3.8095238e-01
   1.0000000e+03   9.1304348e-01
   5.0000000e+03   1.0000000e+00
   1.0000000e+04   1.0000000e+00
   5.0000000e+04   1.0000000e+00
   1.0000000e+05   1.0000000e+00
   5.0000000e+05   1.0000000e+00
   1.0000000e+06   1.0000000e+00
   5.0000000e+06   1.0000000e+00
   1.0000000e+07   1.0000000e+00
   5.0000000e+07   1.0000000e+00
   1.0000000e+08   1.0000000e+00
   5.0000000e+08   1.0000000e+00
   1.0000000e+09   1.0000000e+00
   5.0000000e+09   1.0000000e+00
   1.0000000e+10   1.0000000e+00
   1.0000000e+00   2.8571429e-01
   5.0000000e+00   9.6774194e-02
   1.0000000e+01   9.5238095e-02
   5.0000000e+01   6.4516129e-02
   1.0000000e+02   2.3809524e-01
   5.0000000e+02   7.2222222e-01
   1.0000000e+03   1.0000000e+00
   5.0000000e+03   1.0000000e+00
   1.0000000e+04   1.0000000e+00
   5.0000000e+04   1.0000000e+00
   1.0000000e+05   1.0000000e+00
   5.0000000e+05   1.0000000e+00
   1.0000000e+06   1.0000000e+00
   5.0000000e+06   1.0000000e+00
   1.0000000e+07   1.0000000e+00
   5.0000000e+07   1.0000000e+00
   1.0000000e+08   1.0000000e+00
   5.0000000e+08   1.0000000e+00
   1.0000000e+09   1.0000000e+00
   5.0000000e+09   1.0000000e+00
   1.0000000e+10   1.0000000e+00
   1.0000000e+00   2.5000000e-01
   5.0000000e+00   2.8000000e-01
   1.0000000e+01   2.5000000e-01
   5.0000000e+01   2.4000000e-01
   1.0000000e+02   3.0000000e-01
   5.0000000e+02   6.4000000e-01
   1.0000000e+03   9.2857143e-01
   5.0000000e+03   1.0000000e+00
   1.0000000e+04   1.0000000e+00
   5.0000000e+04   1.0000000e+00
   1.0000000e+05   1.0000000e+00
   5.0000000e+05   1.0000000e+00
   1.0000000e+06   1.0000000e+00
   5.0000000e+06   1.0000000e+00
   1.0000000e+07   1.0000000e+00
   5.0000000e+07   1.0000000e+00
   1.0000000e+08   1.0000000e+00
   5.0000000e+08   1.0000000e+00
   1.0000000e+09   1.0000000e+00
   5.0000000e+09   1.0000000e+00
   1.0000000e+10   1.0000000e+00
   1.0000000e+00   1.7857143e-01
   5.0000000e+00   1.8518519e-01
   1.0000000e+01   1.0714286e-01
   5.0000000e+01   2.9629630e-01
   1.0000000e+02   2.5000000e-01
   5.0000000e+02   5.7894737e-01
   1.0000000e+03   1.0000000e+00
   5.0000000e+03   1.0000000e+00
   1.0000000e+04   9.6428571e-01
   5.0000000e+04   1.0000000e+00
   1.0000000e+05   1.0000000e+00
   5.0000000e+05   1.0000000e+00
   1.0000000e+06   1.0000000e+00
   5.0000000e+06   1.0000000e+00
   1.0000000e+07   1.0000000e+00
   5.0000000e+07   1.0000000e+00
   1.0000000e+08   1.0000000e+00
   5.0000000e+08   1.0000000e+00
   1.0000000e+09   1.0000000e+00
   5.0000000e+09   1.0000000e+00
   1.0000000e+10   1.0000000e+00
   1.0000000e+00   9.0909091e-02
   5.0000000e+00   1.3043478e-01
   1.0000000e+01   1.2121212e-01
   5.0000000e+01   2.1739130e-01
   1.0000000e+02   3.0303030e-01
   5.0000000e+02   5.1515152e-01
   1.0000000e+03   9.6774194e-01
   5.0000000e+03   9.6969697e-01
   1.0000000e+04   9.3548387e-01
   5.0000000e+04   1.0000000e+00
   1.0000000e+05   1.0000000e+00
   5.0000000e+05   1.0000000e+00
   1.0000000e+06   1.0000000e+00
   5.0000000e+06   1.0000000e+00
   1.0000000e+07   1.0000000e+00
   5.0000000e+07   1.0000000e+00
   1.0000000e+08   1.0000000e+00
   5.0000000e+08   1.0000000e+00
   1.0000000e+09   1.0000000e+00
   5.0000000e+09   1.0000000e+00
   1.0000000e+10   1.0000000e+00
   1.0000000e+00   1.8181818e-01
   5.0000000e+00   1.8518519e-01
   1.0000000e+01   1.8181818e-01
   5.0000000e+01   2.2222222e-01
   1.0000000e+02   1.8181818e-01
   5.0000000e+02   7.6190476e-01
   1.0000000e+03   9.5454545e-01
   5.0000000e+03   1.0000000e+00
   1.0000000e+04   1.0000000e+00
   5.0000000e+04   1.0000000e+00
   1.0000000e+05   1.0000000e+00
   5.0000000e+05   1.0000000e+00
   1.0000000e+06   1.0000000e+00
   5.0000000e+06   1.0000000e+00
   1.0000000e+07   1.0000000e+00
   5.0000000e+07   1.0000000e+00
   1.0000000e+08   1.0000000e+00
   5.0000000e+08   1.0000000e+00
   1.0000000e+09   1.0000000e+00
   5.0000000e+09   1.0000000e+00
   1.0000000e+10   1.0000000e+00
   1.0000000e+00   9.0909091e-02
   5.0000000e+00   8.3333333e-02
   1.0000000e+01   3.0303030e-02
   1.0000000e+02   9.0909091e-02
   5.0000000e+02   7.5000000e-01
   1.0000000e+03   9.6153846e-01
   5.0000000e+03   1.0000000e+00
   1.0000000e+04   9.6153846e-01
   5.0000000e+04   1.0000000e+00
   1.0000000e+05   1.0000000e+00
   5.0000000e+05   1.0000000e+00
   1.0000000e+06   1.0000000e+00
   5.0000000e+06   1.0000000e+00
   1.0000000e+07   1.0000000e+00
   5.0000000e+07   1.0000000e+00
   1.0000000e+08   1.0000000e+00
   5.0000000e+08   1.0000000e+00
   1.0000000e+09   1.0000000e+00
   5.0000000e+09   1.0000000e+00
   1.0000000e+10   1.0000000e+00
   1.0000000e+00   1.6666667e-01
   5.0000000e+00   2.3076923e-01
   1.0000000e+01   1.3333333e-01
   5.0000000e+01   1.1538462e-01
   1.0000000e+02   3.3333333e-01
   5.0000000e+02   5.8620690e-01
   1.0000000e+03   8.5714286e-01
   5.0000000e+03   9.3103448e-01
   1.0000000e+04   9.5238095e-01
   5.0000000e+04   1.0000000e+00
   1.0000000e+05   9.5238095e-01
   5.0000000e+05   1.0000000e+00
   1.0000000e+06   1.0000000e+00
   5.0000000e+06   1.0000000e+00
   1.0000000e+07   1.0000000e+00
   5.0000000e+07   1.0000000e+00
   1.0000000e+08   1.0000000e+00
   5.0000000e+08   1.0000000e+00
   1.0000000e+09   1.0000000e+00
   5.0000000e+09   1.0000000e+00
   1.0000000e+10   1.0000000e+00
