   1.0000000e+00   1.3333333e-01
   5.0000000e+00   2.4137931e-01
   1.0000000e+01   3.0000000e-01
   5.0000000e+01   2.4137931e-01
   1.0000000e+02   4.3333333e-01
   5.0000000e+02   7.2000000e-01
   1.0000000e+03   9.3750000e-01
   5.0000000e+03   9.6000000e-01
   1.0000000e+04   1.0000000e+00
   5.0000000e+04   1.0000000e+00
   1.0000000e+05   1.0000000e+00
   5.0000000e+05   1.0000000e+00
   1.0000000e+06   1.0000000e+00
   5.0000000e+06   1.0000000e+00
   1.0000000e+07   1.0000000e+00
   5.0000000e+07   1.0000000e+00
   1.0000000e+08   1.0000000e+00
   5.0000000e+08   1.0000000e+00
   1.0000000e+09   1.0000000e+00
   5.0000000e+09   1.0000000e+00
   1.0000000e+10   1.0000000e+00
   1.0000000e+00   1.8518519e-01
   5.0000000e+00   5.2631579e-02
   1.0000000e+01   2.9629630e-01
   5.0000000e+01   2.1052632e-01
   1.0000000e+02   5.5555556e-01
   5.0000000e+02   6.2962963e-01
   1.0000000e+03   9.1666667e-01
   5.0000000e+03   1.0000000e+00
   1.0000000e+04   9.5833333e-01
   5.0000000e+04   1.0000000e+00
   1.0000000e+05   9.5833333e-01
   5.0000000e+05   1.0000000e+00
   1.0000000e+06   1.0000000e+00
   5.0000000e+06   1.0000000e+00
   1.0000000e+07   1.0000000e+00
   5.0000000e+07   1.0000000e+00
   1.0000000e+08   1.0000000e+00
   5.0000000e+08   1.0000000e+00
   1.0000000e+09   1.0000000e+00
   5.0000000e+09   1.0000000e+00
   1.0000000e+10   1.0000000e+00
   1.0000000e+00   3.3333333e-01
   5.0000000e+00   4.7826087e-01
   1.0000000e+01   1.9047619e-01
   5.0000000e+01   2.6086957e-01
   1.0000000e+02   3.8095238e-01
   5.0000000e+02   5.4545455e-01
   1.0000000e+03   9.5833333e-01
   5.0000000e+03   1.0000000e+00
   1.0000000e+04   9.5833333e-01
   5.0000000e+04   1.0000000e+00
   1.0000000e+05   1.0000000e+00
   5.0000000e+05   1.0000000e+00
   1.0000000e+06   1.0000000e+00
   5.0000000e+06   1.0000000e+00
   1.0000000e+07   1.0000000e+00
   5.0000000e+07   1.0000000e+00
   1.0000000e+08   1.0000000e+00
   5.0000000e+08   1.0000000e+00
   1.0000000e+09   1.0000000e+00
   5.0000000e+09   1.0000000e+00
   1.0000000e+10   1.0000000e+00
   1.0000000e+00   3.7500000e-01
   5.0000000e+00   2.8571429e-01
   1.0000000e+01   3.1250000e-01
   5.0000000e+01   2.8571429e-01
   1.0000000e+02   3.7500000e-01
   5.0000000e+02   6.4705882e-01
   1.0000000e+03   1.0000000e+00
   5.0000000e+03   1.0000000e+00
   1.0000000e+04   1.0000000e+00
   5.0000000e+04   1.0000000e+00
   1.0000000e+05   1.0000000e+00
   5.0000000e+05   1.0000000e+00
   1.0000000e+06   1.0000000e+00
   5.0000000e+06   1.0000000e+00
   1.0000000e+07   1.0000000e+00
   5.0000000e+07   1.0000000e+00
   1.0000000e+08   1.0000000e+00
   5.0000000e+08   1.0000000e+00
   1.0000000e+09   1.0000000e+00
   5.0000000e+09   1.0000000e+00
   1.0000000e+10   1.0000000e+00
   1.0000000e+00   2.5000000e-01
   5.0000000e+00   1.7241379e-01
   1.0000000e+01   2.0000000e-01
   5.0000000e+01   2.0689655e-01
   1.0000000e+02   3.0000000e-01
   5.0000000e+02   6.8181818e-01
   1.0000000e+03   9.4444444e-01
   5.0000000e+03   1.0000000e+00
   1.0000000e+04   1.0000000e+00
   5.0000000e+04   9.6000000e-01
   1.0000000e+05   1.0000000e+00
   5.0000000e+05   1.0000000e+00
   1.0000000e+06   1.0000000e+00
   5.0000000e+06   1.0000000e+00
   1.0000000e+07   1.0000000e+00
   5.0000000e+07   1.0000000e+00
   1.0000000e+08   1.0000000e+00
   5.0000000e+08   1.0000000e+00
   1.0000000e+09   1.0000000e+00
   5.0000000e+09   1.0000000e+00
   1.0000000e+10   1.0000000e+00
   1.0000000e+00   2.6923077e-01
   5.0000000e+00   3.1578947e-01
   1.0000000e+01   1.1538462e-01
   5.0000000e+01   2.6315789e-01
   1.0000000e+02   3.0769231e-01
   5.0000000e+02   7.4074074e-01
   1.0000000e+03   1.0000000e+00
   5.0000000e+03   1.0000000e+00
   1.0000000e+04   1.0000000e+00
   5.0000000e+04   1.0000000e+00
   1.0000000e+05   1.0000000e+00
   5.0000000e+05   1.0000000e+00
   1.0000000e+06   1.0000000e+00
   5.0000000e+06   1.0000000e+00
   1.0000000e+07   1.0000000e+00
   5.0000000e+07   1.0000000e+00
   1.0000000e+08   1.0000000e+00
   5.0000000e+08   1.0000000e+00
   1.0000000e+09   1.0000000e+00
   5.0000000e+09   1.0000000e+00
   1.0000000e+10   1.0000000e+00
   1.0000000e+00   1.5789474e-01
   5.0000000e+00   3.1818182e-01
   1.0000000e+01   1.5789474e-01
   5.0000000e+01   4.0909091e-01
   1.0000000e+02   3.6842105e-01
   5.0000000e+02   7.5000000e-01
   1.0000000e+03   9.2592593e-01
   5.0000000e+03   1.0000000e+00
   1.0000000e+04   9.6296296e-01
   5.0000000e+04   1.0000000e+00
   1.0000000e+05   1.0000000e+00
   5.0000000e+05   1.0000000e+00
   1.0000000e+06   1.0000000e+00
   5.0000000e+06   1.0000000e+00
   1.0000000e+07   1.0000000e+00
   5.0000000e+07   1.0000000e+00
   1.0000000e+08   1.0000000e+00
   5.0000000e+08   1.0000000e+00
   1.0000000e+09   1.0000000e+00
   5.0000000e+09   1.0000000e+00
   1.0000000e+10   1.0000000e+00
   1.0000000e+00   2.1739130e-01
   5.0000000e+00   2.8000000e-01
   1.0000000e+01   1.7391304e-01
   5.0000000e+01   4.4000000e-01
   1.0000000e+02   3.9130435e-01
   5.0000000e+02   5.9090909e-01
   1.0000000e+03   9.6153846e-01
   5.0000000e+03   1.0000000e+00
   1.0000000e+04   1.0000000e+00
   5.0000000e+04   1.0000000e+00
   1.0000000e+05   1.0000000e+00
   5.0000000e+05   1.0000000e+00
   1.0000000e+06   1.0000000e+00
   5.0000000e+06   1.0000000e+00
   1.0000000e+07   1.0000000e+00
   5.0000000e+07   1.0000000e+00
   1.0000000e+08   1.0000000e+00
   5.0000000e+08   1.0000000e+00
   1.0000000e+09   1.0000000e+00
   5.0000000e+09   1.0000000e+00
   1.0000000e+10   1.0000000e+00
   1.0000000e+00   2.8000000e-01
   5.0000000e+00   2.1052632e-01
   1.0000000e+01   2.4000000e-01
   5.0000000e+01   3.6842105e-01
   1.0000000e+02   4.0000000e-01
   5.0000000e+02   6.2962963e-01
   1.0000000e+03   9.5454545e-01
   5.0000000e+03   1.0000000e+00
   1.0000000e+04   1.0000000e+00
   5.0000000e+04   1.0000000e+00
   1.0000000e+05   1.0000000e+00
   5.0000000e+05   1.0000000e+00
   1.0000000e+06   1.0000000e+00
   5.0000000e+06   1.0000000e+00
   1.0000000e+07   1.0000000e+00
   5.0000000e+07   1.0000000e+00
   1.0000000e+08   1.0000000e+00
   5.0000000e+08   1.0000000e+00
   1.0000000e+09   1.0000000e+00
   5.0000000e+09   1.0000000e+00
   1.0000000e+10   1.0000000e+00
   1.0000000e+00   4.3478261e-02
   5.0000000e+00   1.7241379e-01
   1.0000000e+01   1.3043478e-01
   5.0000000e+01   3.7931034e-01
   1.0000000e+02   1.3043478e-01
   5.0000000e+02   6.6666667e-01
   1.0000000e+03   9.4736842e-01
   5.0000000e+03   9.5833333e-01
   1.0000000e+04   9.4736842e-01
   5.0000000e+04   1.0000000e+00
   1.0000000e+05   1.0000000e+00
   5.0000000e+05   1.0000000e+00
   1.0000000e+06   1.0000000e+00
   5.0000000e+06   1.0000000e+00
   1.0000000e+07   1.0000000e+00
   5.0000000e+07   1.0000000e+00
   1.0000000e+08   1.0000000e+00
   5.0000000e+08   1.0000000e+00
   1.0000000e+09   1.0000000e+00
   5.0000000e+09   1.0000000e+00
   1.0000000e+10   1.0000000e+00
   1.0000000e+00   2.0000000e-01
   5.0000000e+00   2.6470588e-01
   1.0000000e+01   3.2000000e-01
   5.0000000e+01   3.8235294e-01
   1.0000000e+02   3.6000000e-01
   5.0000000e+02   5.9259259e-01
   1.0000000e+03   9.6774194e-01
   5.0000000e+03   1.0000000e+00
   1.0000000e+04   1.0000000e+00
   5.0000000e+04   1.0000000e+00
   1.0000000e+05   1.0000000e+00
   5.0000000e+05   1.0000000e+00
   1.0000000e+06   1.0000000e+00
   5.0000000e+06   1.0000000e+00
   1.0000000e+07   1.0000000e+00
   5.0000000e+07   1.0000000e+00
   1.0000000e+08   1.0000000e+00
   5.0000000e+08   1.0000000e+00
   1.0000000e+09   1.0000000e+00
   5.0000000e+09   1.0000000e+00
   1.0000000e+10   1.0000000e+00
   1.0000000e+00   1.4705882e-01
   5.0000000e+00   1.9230769e-01
   1.0000000e+01   2.9411765e-01
   5.0000000e+01   3.8461538e-01
   1.0000000e+02   3.2352941e-01
   5.0000000e+02   6.4000000e-01
   1.0000000e+03   1.0000000e+00
   5.0000000e+03   1.0000000e+00
   1.0000000e+04   9.0000000e-01
   5.0000000e+04   1.0000000e+00
   1.0000000e+05   9.0000000e-01
   5.0000000e+05   1.0000000e+00
   1.0000000e+06   1.0000000e+00
   5.0000000e+06   1.0000000e+00
   1.0000000e+07   1.0000000e+00
   5.0000000e+07   1.0000000e+00
   1.0000000e+08   1.0000000e+00
   5.0000000e+08   1.0000000e+00
   1.0000000e+09   1.0000000e+00
   5.0000000e+09   1.0000000e+00
   1.0000000e+10   1.0000000e+00
   1.0000000e+00   1.1764706e-01
   5.0000000e+00   1.7391304e-01
   1.0000000e+01   1.7647059e-01
   5.0000000e+01   3.9130435e-01
   1.0000000e+02   2.0588235e-01
   5.0000000e+02   6.5625000e-01
   1.0000000e+03   9.0909091e-01
   5.0000000e+03   1.0000000e+00
   1.0000000e+04   1.0000000e+00
   5.0000000e+04   1.0000000e+00
   1.0000000e+05   9.6969697e-01
   5.0000000e+05   1.0000000e+00
   1.0000000e+06   1.0000000e+00
   5.0000000e+06   1.0000000e+00
   1.0000000e+07   1.0000000e+00
   5.0000000e+07   1.0000000e+00
   1.0000000e+08   1.0000000e+00
   5.0000000e+08   1.0000000e+00
   1.0000000e+09   1.0000000e+00
   5.0000000e+09   1.0000000e+00
   1.0000000e+10   1.0000000e+00
   1.0000000e+00   2.5925926e-01
   5.0000000e+00   3.8709677e-01
   1.0000000e+01   2.9629630e-01
   5.0000000e+01   3.8709677e-01
   1.0000000e+02   5.5555556e-01
   5.0000000e+02   7.1875000e-01
   1.0000000e+03   1.0000000e+00
   5.0000000e+03   1.0000000e+00
   1.0000000e+04   1.0000000e+00
   5.0000000e+04   1.0000000e+00
   1.0000000e+05   1.0000000e+00
   5.0000000e+05   1.0000000e+00
   1.0000000e+06   1.0000000e+00
   5.0000000e+06   1.0000000e+00
   1.0000000e+07   1.0000000e+00
   5.0000000e+07   1.0000000e+00
   1.0000000e+08   1.0000000e+00
   5.0000000e+08   1.0000000e+00
   1.0000000e+09   1.0000000e+00
   5.0000000e+09   1.0000000e+00
   1.0000000e+10   1.0000000e+00
   1.0000000e+00   2.9166667e-01
   5.0000000e+00   1.3333333e-01
   1.0000000e+01   1.2500000e-01
   5.0000000e+01   1.6666667e-01
   1.0000000e+02   5.0000000e-01
   5.0000000e+02   7.6666667e-01
   1.0000000e+03   1.0000000e+00
   5.0000000e+03   1.0000000e+00
   1.0000000e+04   1.0000000e+00
   5.0000000e+04   1.0000000e+00
   1.0000000e+05   1.0000000e+00
   5.0000000e+05   1.0000000e+00
   1.0000000e+06   1.0000000e+00
   5.0000000e+06   1.0000000e+00
   1.0000000e+07   1.0000000e+00
   5.0000000e+07   1.0000000e+00
   1.0000000e+08   1.0000000e+00
   5.0000000e+08   1.0000000e+00
   1.0000000e+09   1.0000000e+00
   5.0000000e+09   1.0000000e+00
   1.0000000e+10   1.0000000e+00
   1.0000000e+00   3.3333333e-01
   5.0000000e+00   2.0000000e-01
   1.0000000e+01   1.9047619e-01
   5.0000000e+01   3.2000000e-01
   1.0000000e+02   3.8095238e-01
   5.0000000e+02   7.3076923e-01
   1.0000000e+03   9.0909091e-01
   5.0000000e+03   9.6153846e-01
   1.0000000e+04   1.0000000e+00
   5.0000000e+04   1.0000000e+00
   1.0000000e+05   1.0000000e+00
   5.0000000e+05   1.0000000e+00
   1.0000000e+06   1.0000000e+00
   5.0000000e+06   1.0000000e+00
   1.0000000e+07   1.0000000e+00
   5.0000000e+07   1.0000000e+00
   1.0000000e+08   1.0000000e+00
   5.0000000e+08   1.0000000e+00
   1.0000000e+09   1.0000000e+00
   5.0000000e+09   1.0000000e+00
   1.0000000e+10   1.0000000e+00
   1.0000000e+00   2.0833333e-01
   5.0000000e+00   1.5384615e-01
   1.0000000e+01   1.2500000e-01
   5.0000000e+01   2.6923077e-01
   1.0000000e+02   2.5000000e-01
   5.0000000e+02   7.7419355e-01
   1.0000000e+03   9.6428571e-01
   5.0000000e+03   1.0000000e+00
   1.0000000e+04   1.0000000e+00
   5.0000000e+04   1.0000000e+00
   1.0000000e+05   1.0000000e+00
   5.0000000e+05   1.0000000e+00
   1.0000000e+06   1.0000000e+00
   5.0000000e+06   1.0000000e+00
   1.0000000e+07   1.0000000e+00
   5.0000000e+07   1.0000000e+00
   1.0000000e+08   1.0000000e+00
   5.0000000e+08   1.0000000e+00
   1.0000000e+09   1.0000000e+00
   5.0000000e+09   1.0000000e+00
   1.0000000e+10   1.0000000e+00
   1.0000000e+00   2.0833333e-01
   5.0000000e+00   1.8181818e-01
   1.0000000e+01   1.2500000e-01
   5.0000000e+01   2.7272727e-01
   1.0000000e+02   3.7500000e-01
   5.0000000e+02   6.4516129e-01
   1.0000000e+03   8.0000000e-01
   5.0000000e+03   9.6774194e-01
   1.0000000e+04   1.0000000e+00
   5.0000000e+04   1.0000000e+00
   1.0000000e+05   1.0000000e+00
   5.0000000e+05   1.0000000e+00
   1.0000000e+06   1.0000000e+00
   5.0000000e+06   1.0000000e+00
   1.0000000e+07   1.0000000e+00
   5.0000000e+07   1.0000000e+00
   1.0000000e+08   1.0000000e+00
   5.0000000e+08   1.0000000e+00
   1.0000000e+09   1.0000000e+00
   5.0000000e+09   1.0000000e+00
   1.0000000e+10   1.0000000e+00
   1.0000000e+00   2.6923077e-01
   5.0000000e+00   2.6086957e-01
   1.0000000e+01   2.6923077e-01
   5.0000000e+01   1.7391304e-01
   1.0000000e+02   4.2307692e-01
   5.0000000e+02   4.1666667e-01
   1.0000000e+03   1.0000000e+00
   5.0000000e+03   1.0000000e+00
   1.0000000e+04   1.0000000e+00
   5.0000000e+04   1.0000000e+00
   1.0000000e+05   1.0000000e+00
   5.0000000e+05   1.0000000e+00
   1.0000000e+06   1.0000000e+00
   5.0000000e+06   1.0000000e+00
   1.0000000e+07   1.0000000e+00
   5.0000000e+07   1.0000000e+00
   1.0000000e+08   1.0000000e+00
   5.0000000e+08   1.0000000e+00
   1.0000000e+09   1.0000000e+00
   5.0000000e+09   1.0000000e+00
   1.0000000e+10   1.0000000e+00
   1.0000000e+00   2.1875000e-01
   5.0000000e+00   2.2727273e-01
   1.0000000e+01   2.5000000e-01
   5.0000000e+01   3.1818182e-01
   1.0000000e+02   3.4375000e-01
   5.0000000e+02   7.1428571e-01
   1.0000000e+03   9.5833333e-01
   5.0000000e+03   1.0000000e+00
   1.0000000e+04   1.0000000e+00
   5.0000000e+04   1.0000000e+00
   1.0000000e+05   1.0000000e+00
   5.0000000e+05   1.0000000e+00
   1.0000000e+06   1.0000000e+00
   5.0000000e+06   1.0000000e+00
   1.0000000e+07   1.0000000e+00
   5.0000000e+07   1.0000000e+00
   1.0000000e+08   1.0000000e+00
   5.0000000e+08   1.0000000e+00
   1.0000000e+09   1.0000000e+00
   5.0000000e+09   1.0000000e+00
   1.0000000e+10   1.0000000e+00
   1.0000000e+00   1.6129032e-01
   5.0000000e+00   2.3076923e-01
   1.0000000e+01   2.9032258e-01
   5.0000000e+01   3.0769231e-01
   1.0000000e+02   1.9354839e-01
   5.0000000e+02   5.7142857e-01
   1.0000000e+03   1.0000000e+00
   5.0000000e+03   1.0000000e+00
   1.0000000e+04   1.0000000e+00
   5.0000000e+04   9.6875000e-01
   1.0000000e+05   1.0000000e+00
   5.0000000e+05   1.0000000e+00
   1.0000000e+06   1.0000000e+00
   5.0000000e+06   1.0000000e+00
   1.0000000e+07   1.0000000e+00
   5.0000000e+07   1.0000000e+00
   1.0000000e+08   1.0000000e+00
   5.0000000e+08   1.0000000e+00
   1.0000000e+09   1.0000000e+00
   5.0000000e+09   1.0000000e+00
   1.0000000e+10   1.0000000e+00
   1.0000000e+00   2.5000000e-01
   5.0000000e+00   4.0740741e-01
   1.0000000e+01   3.1250000e-01
   5.0000000e+01   3.7037037e-01
   1.0000000e+02   4.0625000e-01
   5.0000000e+02   6.6666667e-01
   1.0000000e+03   8.9473684e-01
   5.0000000e+03   1.0000000e+00
   1.0000000e+04   1.0000000e+00
   5.0000000e+04   1.0000000e+00
   1.0000000e+05   1.0000000e+00
   5.0000000e+05   1.0000000e+00
   1.0000000e+06   1.0000000e+00
   5.0000000e+06   1.0000000e+00
   1.0000000e+07   1.0000000e+00
   5.0000000e+07   1.0000000e+00
   1.0000000e+08   1.0000000e+00
   5.0000000e+08   1.0000000e+00
   1.0000000e+09   1.0000000e+00
   5.0000000e+09   1.0000000e+00
   1.0000000e+10   1.0000000e+00
   1.0000000e+00   8.3333333e-02
   5.0000000e+00   1.0000000e-01
   1.0000000e+01   1.6666667e-01
   5.0000000e+01   3.6666667e-01
   1.0000000e+02   2.9166667e-01
   5.0000000e+02   6.1904762e-01
   1.0000000e+03   9.1304348e-01
   5.0000000e+03   1.0000000e+00
   1.0000000e+04   1.0000000e+00
   5.0000000e+04   1.0000000e+00
   1.0000000e+05   1.0000000e+00
   5.0000000e+05   1.0000000e+00
   1.0000000e+06   1.0000000e+00
   5.0000000e+06   1.0000000e+00
   1.0000000e+07   1.0000000e+00
   5.0000000e+07   1.0000000e+00
   1.0000000e+08   1.0000000e+00
   5.0000000e+08   1.0000000e+00
   1.0000000e+09   1.0000000e+00
   5.0000000e+09   1.0000000e+00
   1.0000000e+10   1.0000000e+00
   1.0000000e+00   2.8571429e-01
   5.0000000e+00   2.2580645e-01
   1.0000000e+01   2.3809524e-01
   5.0000000e+01   1.2903226e-01
   1.0000000e+02   4.7619048e-01
   5.0000000e+02   7.7777778e-01
   1.0000000e+03   1.0000000e+00
   5.0000000e+03   1.0000000e+00
   1.0000000e+04   1.0000000e+00
   5.0000000e+04   1.0000000e+00
   1.0000000e+05   1.0000000e+00
   5.0000000e+05   1.0000000e+00
   1.0000000e+06   1.0000000e+00
   5.0000000e+06   1.0000000e+00
   1.0000000e+07   1.0000000e+00
   5.0000000e+07   1.0000000e+00
   1.0000000e+08   1.0000000e+00
   5.0000000e+08   1.0000000e+00
   1.0000000e+09   1.0000000e+00
   5.0000000e+09   1.0000000e+00
   1.0000000e+10   1.0000000e+00
   1.0000000e+00   4.5000000e-01
   5.0000000e+00   2.8000000e-01
   1.0000000e+01   2.5000000e-01
   5.0000000e+01   2.4000000e-01
   1.0000000e+02   4.5000000e-01
   5.0000000e+02   7.6000000e-01
   1.0000000e+03   9.2857143e-01
   5.0000000e+03   1.0000000e+00
   1.0000000e+04   1.0000000e+00
   5.0000000e+04   1.0000000e+00
   1.0000000e+05   1.0000000e+00
   5.0000000e+05   1.0000000e+00
   1.0000000e+06   1.0000000e+00
   5.0000000e+06   1.0000000e+00
   1.0000000e+07   1.0000000e+00
   5.0000000e+07   1.0000000e+00
   1.0000000e+08   1.0000000e+00
   5.0000000e+08   1.0000000e+00
   1.0000000e+09   1.0000000e+00
   5.0000000e+09   1.0000000e+00
   1.0000000e+10   1.0000000e+00
   1.0000000e+00   1.7857143e-01
   5.0000000e+00   1.8518519e-01
   1.0000000e+01   3.2142857e-01
   5.0000000e+01   4.4444444e-01
   1.0000000e+02   3.2142857e-01
   5.0000000e+02   6.3157895e-01
   1.0000000e+03   1.0000000e+00
   5.0000000e+03   1.0000000e+00
   1.0000000e+04   1.0000000e+00
   5.0000000e+04   1.0000000e+00
   1.0000000e+05   1.0000000e+00
   5.0000000e+05   1.0000000e+00
   1.0000000e+06   1.0000000e+00
   5.0000000e+06   1.0000000e+00
   1.0000000e+07   1.0000000e+00
   5.0000000e+07   1.0000000e+00
   1.0000000e+08   1.0000000e+00
   5.0000000e+08   1.0000000e+00
   1.0000000e+09   1.0000000e+00
   5.0000000e+09   1.0000000e+00
   1.0000000e+10   1.0000000e+00
   1.0000000e+00   2.4242424e-01
   5.0000000e+00   2.1739130e-01
   1.0000000e+01   2.4242424e-01
   5.0000000e+01   1.7391304e-01
   1.0000000e+02   3.9393939e-01
   5.0000000e+02   5.4545455e-01
   1.0000000e+03   9.6774194e-01
   5.0000000e+03   9.6969697e-01
   1.0000000e+04   9.3548387e-01
   5.0000000e+04   1.0000000e+00
   1.0000000e+05   1.0000000e+00
   5.0000000e+05   1.0000000e+00
   1.0000000e+06   1.0000000e+00
   5.0000000e+06   1.0000000e+00
   1.0000000e+07   1.0000000e+00
   5.0000000e+07   1.0000000e+00
   1.0000000e+08   1.0000000e+00
   5.0000000e+08   1.0000000e+00
   1.0000000e+09   1.0000000e+00
   5.0000000e+09   1.0000000e+00
   1.0000000e+10   1.0000000e+00
   1.0000000e+00   2.7272727e-01
   5.0000000e+00   2.2222222e-01
   1.0000000e+01   2.2727273e-01
   5.0000000e+01   4.0740741e-01
   1.0000000e+02   3.6363636e-01
   5.0000000e+02   8.0952381e-01
   1.0000000e+03   9.5454545e-01
   5.0000000e+03   1.0000000e+00
   1.0000000e+04   1.0000000e+00
   5.0000000e+04   1.0000000e+00
   1.0000000e+05   1.0000000e+00
   5.0000000e+05   1.0000000e+00
   1.0000000e+06   1.0000000e+00
   5.0000000e+06   1.0000000e+00
   1.0000000e+07   1.0000000e+00
   5.0000000e+07   1.0000000e+00
   1.0000000e+08   1.0000000e+00
   5.0000000e+08   1.0000000e+00
   1.0000000e+09   1.0000000e+00
   5.0000000e+09   1.0000000e+00
   1.0000000e+10   1.0000000e+00
   1.0000000e+00   9.0909091e-02
   5.0000000e+00   1.2500000e-01
   1.0000000e+01   1.8181818e-01
   5.0000000e+01   2.0833333e-01
   1.0000000e+02   1.8181818e-01
   5.0000000e+02   8.2142857e-01
   1.0000000e+03   1.0000000e+00
   5.0000000e+03   1.0000000e+00
   1.0000000e+04   9.6153846e-01
   5.0000000e+04   1.0000000e+00
   1.0000000e+05   1.0000000e+00
   5.0000000e+05   1.0000000e+00
   1.0000000e+06   1.0000000e+00
   5.0000000e+06   1.0000000e+00
   1.0000000e+07   1.0000000e+00
   5.0000000e+07   1.0000000e+00
   1.0000000e+08   1.0000000e+00
   5.0000000e+08   1.0000000e+00
   1.0000000e+09   1.0000000e+00
   5.0000000e+09   1.0000000e+00
   1.0000000e+10   1.0000000e+00
   1.0000000e+00   1.6666667e-01
   5.0000000e+00   3.8461538e-01
   1.0000000e+01   1.6666667e-01
   5.0000000e+01   2.3076923e-01
   1.0000000e+02   4.3333333e-01
   5.0000000e+02   6.5517241e-01
   1.0000000e+03   8.5714286e-01
   5.0000000e+03   9.3103448e-01
   1.0000000e+04   9.5238095e-01
   5.0000000e+04   1.0000000e+00
   1.0000000e+05   9.5238095e-01
   5.0000000e+05   1.0000000e+00
   1.0000000e+06   1.0000000e+00
   5.0000000e+06   1.0000000e+00
   1.0000000e+07   1.0000000e+00
   5.0000000e+07   1.0000000e+00
   1.0000000e+08   1.0000000e+00
   5.0000000e+08   1.0000000e+00
   1.0000000e+09   1.0000000e+00
   5.0000000e+09   1.0000000e+00
   1.0000000e+10   1.0000000e+00
