   1.0000000e+00   2.3333333e-01
   5.0000000e+00   3.7931034e-01
   1.0000000e+01   4.6666667e-01
   5.0000000e+01   2.7586207e-01
   1.0000000e+02   6.0000000e-01
   5.0000000e+02   8.4000000e-01
   1.0000000e+03   9.3750000e-01
   5.0000000e+03   9.6000000e-01
   1.0000000e+04   1.0000000e+00
   5.0000000e+04   1.0000000e+00
   1.0000000e+05   1.0000000e+00
   5.0000000e+05   1.0000000e+00
   1.0000000e+06   1.0000000e+00
   5.0000000e+06   1.0000000e+00
   1.0000000e+07   1.0000000e+00
   5.0000000e+07   1.0000000e+00
   1.0000000e+08   1.0000000e+00
   5.0000000e+08   1.0000000e+00
   1.0000000e+09   1.0000000e+00
   5.0000000e+09   1.0000000e+00
   1.0000000e+10   1.0000000e+00
   1.0000000e+00   1.8518519e-01
   5.0000000e+00   2.6315789e-01
   1.0000000e+01   5.1851852e-01
   5.0000000e+01   3.6842105e-01
   1.0000000e+02   8.1481481e-01
   5.0000000e+02   8.1481481e-01
   1.0000000e+03   9.1666667e-01
   5.0000000e+03   1.0000000e+00
   1.0000000e+04   9.5833333e-01
   5.0000000e+04   1.0000000e+00
   1.0000000e+05   9.5833333e-01
   5.0000000e+05   1.0000000e+00
   1.0000000e+06   1.0000000e+00
   5.0000000e+06   1.0000000e+00
   1.0000000e+07   1.0000000e+00
   5.0000000e+07   1.0000000e+00
   1.0000000e+08   1.0000000e+00
   5.0000000e+08   1.0000000e+00
   1.0000000e+09   1.0000000e+00
   5.0000000e+09   1.0000000e+00
   1.0000000e+10   1.0000000e+00
   1.0000000e+00   5.7142857e-01
   5.0000000e+00   6.9565217e-01
   1.0000000e+01   4.7619048e-01
   5.0000000e+01   3.9130435e-01
   1.0000000e+02   5.2380952e-01
   5.0000000e+02   6.8181818e-01
   1.0000000e+03   9.5833333e-01
   5.0000000e+03   1.0000000e+00
   1.0000000e+04   9.5833333e-01
   5.0000000e+04   1.0000000e+00
   1.0000000e+05   1.0000000e+00
   5.0000000e+05   1.0000000e+00
   1.0000000e+06   1.0000000e+00
   5.0000000e+06   1.0000000e+00
   1.0000000e+07   1.0000000e+00
   5.0000000e+07   1.0000000e+00
   1.0000000e+08   1.0000000e+00
   5.0000000e+08   1.0000000e+00
   1.0000000e+09   1.0000000e+00
   5.0000000e+09   1.0000000e+00
   1.0000000e+10   1.0000000e+00
   1.0000000e+00   5.0000000e-01
   5.0000000e+00   4.6428571e-01
   1.0000000e+01   4.3750000e-01
   5.0000000e+01   5.3571429e-01
   1.0000000e+02   6.8750000e-01
   5.0000000e+02   8.8235294e-01
   1.0000000e+03   1.0000000e+00
   5.0000000e+03   1.0000000e+00
   1.0000000e+04   1.0000000e+00
   5.0000000e+04   1.0000000e+00
   1.0000000e+05   1.0000000e+00
   5.0000000e+05   1.0000000e+00
   1.0000000e+06   1.0000000e+00
   5.0000000e+06   1.0000000e+00
   1.0000000e+07   1.0000000e+00
   5.0000000e+07   1.0000000e+00
   1.0000000e+08   1.0000000e+00
   5.0000000e+08   1.0000000e+00
   1.0000000e+09   1.0000000e+00
   5.0000000e+09   1.0000000e+00
   1.0000000e+10   1.0000000e+00
   1.0000000e+00   3.0000000e-01
   5.0000000e+00   3.4482759e-01
   1.0000000e+01   3.0000000e-01
   5.0000000e+01   2.7586207e-01
   1.0000000e+02   5.0000000e-01
   5.0000000e+02   7.7272727e-01
   1.0000000e+03   9.4444444e-01
   5.0000000e+03   1.0000000e+00
   1.0000000e+04   1.0000000e+00
   5.0000000e+04   9.6000000e-01
   1.0000000e+05   1.0000000e+00
   5.0000000e+05   1.0000000e+00
   1.0000000e+06   1.0000000e+00
   5.0000000e+06   1.0000000e+00
   1.0000000e+07   1.0000000e+00
   5.0000000e+07   1.0000000e+00
   1.0000000e+08   1.0000000e+00
   5.0000000e+08   1.0000000e+00
   1.0000000e+09   1.0000000e+00
   5.0000000e+09   1.0000000e+00
   1.0000000e+10   1.0000000e+00
   1.0000000e+00   3.4615385e-01
   5.0000000e+00   5.7894737e-01
   1.0000000e+01   1.9230769e-01
   5.0000000e+01   5.7894737e-01
   1.0000000e+02   5.3846154e-01
   5.0000000e+02   8.1481481e-01
   1.0000000e+03   1.0000000e+00
   5.0000000e+03   1.0000000e+00
   1.0000000e+04   1.0000000e+00
   5.0000000e+04   1.0000000e+00
   1.0000000e+05   1.0000000e+00
   5.0000000e+05   1.0000000e+00
   1.0000000e+06   1.0000000e+00
   5.0000000e+06   1.0000000e+00
   1.0000000e+07   1.0000000e+00
   5.0000000e+07   1.0000000e+00
   1.0000000e+08   1.0000000e+00
   5.0000000e+08   1.0000000e+00
   1.0000000e+09   1.0000000e+00
   5.0000000e+09   1.0000000e+00
   1.0000000e+10   1.0000000e+00
   1.0000000e+00   1.5789474e-01
   5.0000000e+00   2.2727273e-01
   1.0000000e+01   2.1052632e-01
   5.0000000e+01   4.0909091e-01
   1.0000000e+02   5.2631579e-01
   5.0000000e+02   8.5714286e-01
   1.0000000e+03   9.6296296e-01
   5.0000000e+03   1.0000000e+00
   1.0000000e+04   1.0000000e+00
   5.0000000e+04   1.0000000e+00
   1.0000000e+05   1.0000000e+00
   5.0000000e+05   1.0000000e+00
   1.0000000e+06   1.0000000e+00
   5.0000000e+06   1.0000000e+00
   1.0000000e+07   1.0000000e+00
   5.0000000e+07   1.0000000e+00
   1.0000000e+08   1.0000000e+00
   5.0000000e+08   1.0000000e+00
   1.0000000e+09   1.0000000e+00
   5.0000000e+09   1.0000000e+00
   1.0000000e+10   1.0000000e+00
   1.0000000e+00   2.1739130e-01
   5.0000000e+00   4.0000000e-01
   1.0000000e+01   3.4782609e-01
   5.0000000e+01   5.2000000e-01
   1.0000000e+02   4.3478261e-01
   5.0000000e+02   7.7272727e-01
   1.0000000e+03   9.6153846e-01
   5.0000000e+03   1.0000000e+00
   1.0000000e+04   1.0000000e+00
   5.0000000e+04   1.0000000e+00
   1.0000000e+05   1.0000000e+00
   5.0000000e+05   1.0000000e+00
   1.0000000e+06   1.0000000e+00
   5.0000000e+06   1.0000000e+00
   1.0000000e+07   1.0000000e+00
   5.0000000e+07   1.0000000e+00
   1.0000000e+08   1.0000000e+00
   5.0000000e+08   1.0000000e+00
   1.0000000e+09   1.0000000e+00
   5.0000000e+09   1.0000000e+00
   1.0000000e+10   1.0000000e+00
   1.0000000e+00   4.0000000e-01
   5.0000000e+00   3.6842105e-01
   1.0000000e+01   3.6000000e-01
   5.0000000e+01   5.2631579e-01
   1.0000000e+02   4.8000000e-01
   5.0000000e+02   7.7777778e-01
   1.0000000e+03   9.5454545e-01
   5.0000000e+03   1.0000000e+00
   1.0000000e+04   1.0000000e+00
   5.0000000e+04   1.0000000e+00
   1.0000000e+05   1.0000000e+00
   5.0000000e+05   1.0000000e+00
   1.0000000e+06   1.0000000e+00
   5.0000000e+06   1.0000000e+00
   1.0000000e+07   1.0000000e+00
   5.0000000e+07   1.0000000e+00
   1.0000000e+08   1.0000000e+00
   5.0000000e+08   1.0000000e+00
   1.0000000e+09   1.0000000e+00
   5.0000000e+09   1.0000000e+00
   1.0000000e+10   1.0000000e+00
   1.0000000e+00   8.6956522e-02
   5.0000000e+00   2.7586207e-01
   1.0000000e+01   2.1739130e-01
   5.0000000e+01   5.1724138e-01
   1.0000000e+02   3.0434783e-01
   5.0000000e+02   7.5000000e-01
   1.0000000e+03   9.4736842e-01
   5.0000000e+03   9.5833333e-01
   1.0000000e+04   1.0000000e+00
   5.0000000e+04   1.0000000e+00
   1.0000000e+05   1.0000000e+00
   5.0000000e+05   1.0000000e+00
   1.0000000e+06   1.0000000e+00
   5.0000000e+06   1.0000000e+00
   1.0000000e+07   1.0000000e+00
   5.0000000e+07   1.0000000e+00
   1.0000000e+08   1.0000000e+00
   5.0000000e+08   1.0000000e+00
   1.0000000e+09   1.0000000e+00
   5.0000000e+09   1.0000000e+00
   1.0000000e+10   1.0000000e+00
   1.0000000e+00   3.2000000e-01
   5.0000000e+00   5.0000000e-01
   1.0000000e+01   6.0000000e-01
   5.0000000e+01   5.8823529e-01
   1.0000000e+02   5.6000000e-01
   5.0000000e+02   6.2962963e-01
   1.0000000e+03   9.6774194e-01
   5.0000000e+03   1.0000000e+00
   1.0000000e+04   1.0000000e+00
   5.0000000e+04   1.0000000e+00
   1.0000000e+05   1.0000000e+00
   5.0000000e+05   1.0000000e+00
   1.0000000e+06   1.0000000e+00
   5.0000000e+06   1.0000000e+00
   1.0000000e+07   1.0000000e+00
   5.0000000e+07   1.0000000e+00
   1.0000000e+08   1.0000000e+00
   5.0000000e+08   1.0000000e+00
   1.0000000e+09   1.0000000e+00
   5.0000000e+09   1.0000000e+00
   1.0000000e+10   1.0000000e+00
   1.0000000e+00   2.3529412e-01
   5.0000000e+00   4.2307692e-01
   1.0000000e+01   3.5294118e-01
   5.0000000e+01   5.0000000e-01
   1.0000000e+02   4.1176471e-01
   5.0000000e+02   7.6000000e-01
   1.0000000e+03   1.0000000e+00
   5.0000000e+03   1.0000000e+00
   1.0000000e+04   9.5000000e-01
   5.0000000e+04   1.0000000e+00
   1.0000000e+05   9.0000000e-01
   5.0000000e+05   1.0000000e+00
   1.0000000e+06   1.0000000e+00
   5.0000000e+06   1.0000000e+00
   1.0000000e+07   1.0000000e+00
   5.0000000e+07   1.0000000e+00
   1.0000000e+08   1.0000000e+00
   5.0000000e+08   1.0000000e+00
   1.0000000e+09   1.0000000e+00
   5.0000000e+09   1.0000000e+00
   1.0000000e+10   1.0000000e+00
   1.0000000e+00   2.9411765e-01
   5.0000000e+00   2.6086957e-01
   1.0000000e+01   5.0000000e-01
   5.0000000e+01   4.7826087e-01
   1.0000000e+02   5.8823529e-01
   5.0000000e+02   7.1875000e-01
   1.0000000e+03   9.3939394e-01
   5.0000000e+03   1.0000000e+00
   1.0000000e+04   1.0000000e+00
   5.0000000e+04   1.0000000e+00
   1.0000000e+05   1.0000000e+00
   5.0000000e+05   1.0000000e+00
   1.0000000e+06   1.0000000e+00
   5.0000000e+06   1.0000000e+00
   1.0000000e+07   1.0000000e+00
   5.0000000e+07   1.0000000e+00
   1.0000000e+08   1.0000000e+00
   5.0000000e+08   1.0000000e+00
   1.0000000e+09   1.0000000e+00
   5.0000000e+09   1.0000000e+00
   1.0000000e+10   1.0000000e+00
   1.0000000e+00   4.0740741e-01
   5.0000000e+00   5.4838710e-01
   1.0000000e+01   3.3333333e-01
   5.0000000e+01   5.1612903e-01
   1.0000000e+02   7.0370370e-01
   5.0000000e+02   7.8125000e-01
   1.0000000e+03   1.0000000e+00
   5.0000000e+03   1.0000000e+00
   1.0000000e+04   1.0000000e+00
   5.0000000e+04   1.0000000e+00
   1.0000000e+05   1.0000000e+00
   5.0000000e+05   1.0000000e+00
   1.0000000e+06   1.0000000e+00
   5.0000000e+06   1.0000000e+00
   1.0000000e+07   1.0000000e+00
   5.0000000e+07   1.0000000e+00
   1.0000000e+08   1.0000000e+00
   5.0000000e+08   1.0000000e+00
   1.0000000e+09   1.0000000e+00
   5.0000000e+09   1.0000000e+00
   1.0000000e+10   1.0000000e+00
   1.0000000e+00   5.0000000e-01
   5.0000000e+00   3.6666667e-01
   1.0000000e+01   4.1666667e-01
   5.0000000e+01   4.0000000e-01
   1.0000000e+02   6.6666667e-01
   5.0000000e+02   8.6666667e-01
   1.0000000e+03   1.0000000e+00
   5.0000000e+03   1.0000000e+00
   1.0000000e+04   1.0000000e+00
   5.0000000e+04   1.0000000e+00
   1.0000000e+05   1.0000000e+00
   5.0000000e+05   1.0000000e+00
   1.0000000e+06   1.0000000e+00
   5.0000000e+06   1.0000000e+00
   1.0000000e+07   1.0000000e+00
   5.0000000e+07   1.0000000e+00
   1.0000000e+08   1.0000000e+00
   5.0000000e+08   1.0000000e+00
   1.0000000e+09   1.0000000e+00
   5.0000000e+09   1.0000000e+00
   1.0000000e+10   1.0000000e+00
   1.0000000e+00   4.2857143e-01
   5.0000000e+00   3.2000000e-01
   1.0000000e+01   3.8095238e-01
   5.0000000e+01   3.6000000e-01
   1.0000000e+02   4.7619048e-01
   5.0000000e+02   8.0769231e-01
   1.0000000e+03   9.5454545e-01
   5.0000000e+03   1.0000000e+00
   1.0000000e+04   1.0000000e+00
   5.0000000e+04   1.0000000e+00
   1.0000000e+05   1.0000000e+00
   5.0000000e+05   1.0000000e+00
   1.0000000e+06   1.0000000e+00
   5.0000000e+06   1.0000000e+00
   1.0000000e+07   1.0000000e+00
   5.0000000e+07   1.0000000e+00
   1.0000000e+08   1.0000000e+00
   5.0000000e+08   1.0000000e+00
   1.0000000e+09   1.0000000e+00
   5.0000000e+09   1.0000000e+00
   1.0000000e+10   1.0000000e+00
   1.0000000e+00   2.9166667e-01
   5.0000000e+00   1.9230769e-01
   1.0000000e+01   3.3333333e-01
   5.0000000e+01   3.8461538e-01
   1.0000000e+02   4.5833333e-01
   5.0000000e+02   8.3870968e-01
   1.0000000e+03   9.6428571e-01
   5.0000000e+03   1.0000000e+00
   1.0000000e+04   1.0000000e+00
   5.0000000e+04   1.0000000e+00
   1.0000000e+05   1.0000000e+00
   5.0000000e+05   1.0000000e+00
   1.0000000e+06   1.0000000e+00
   5.0000000e+06   1.0000000e+00
   1.0000000e+07   1.0000000e+00
   5.0000000e+07   1.0000000e+00
   1.0000000e+08   1.0000000e+00
   5.0000000e+08   1.0000000e+00
   1.0000000e+09   1.0000000e+00
   5.0000000e+09   1.0000000e+00
   1.0000000e+10   1.0000000e+00
   1.0000000e+00   4.5833333e-01
   5.0000000e+00   3.1818182e-01
   1.0000000e+01   3.7500000e-01
   5.0000000e+01   4.5454545e-01
   1.0000000e+02   6.2500000e-01
   5.0000000e+02   7.7419355e-01
   1.0000000e+03   9.2000000e-01
   5.0000000e+03   9.6774194e-01
   1.0000000e+04   1.0000000e+00
   5.0000000e+04   1.0000000e+00
   1.0000000e+05   1.0000000e+00
   5.0000000e+05   1.0000000e+00
   1.0000000e+06   1.0000000e+00
   5.0000000e+06   1.0000000e+00
   1.0000000e+07   1.0000000e+00
   5.0000000e+07   1.0000000e+00
   1.0000000e+08   1.0000000e+00
   5.0000000e+08   1.0000000e+00
   1.0000000e+09   1.0000000e+00
   5.0000000e+09   1.0000000e+00
   1.0000000e+10   1.0000000e+00
   1.0000000e+00   3.4615385e-01
   5.0000000e+00   3.4782609e-01
   1.0000000e+01   4.2307692e-01
   5.0000000e+01   3.9130435e-01
   1.0000000e+02   4.6153846e-01
   5.0000000e+02   6.6666667e-01
   1.0000000e+03   1.0000000e+00
   5.0000000e+03   1.0000000e+00
   1.0000000e+04   1.0000000e+00
   5.0000000e+04   1.0000000e+00
   1.0000000e+05   1.0000000e+00
   5.0000000e+05   1.0000000e+00
   1.0000000e+06   1.0000000e+00
   5.0000000e+06   1.0000000e+00
   1.0000000e+07   1.0000000e+00
   5.0000000e+07   1.0000000e+00
   1.0000000e+08   1.0000000e+00
   5.0000000e+08   1.0000000e+00
   1.0000000e+09   1.0000000e+00
   5.0000000e+09   1.0000000e+00
   1.0000000e+10   1.0000000e+00
   1.0000000e+00   3.7500000e-01
   5.0000000e+00   2.7272727e-01
   1.0000000e+01   3.7500000e-01
   5.0000000e+01   5.0000000e-01
   1.0000000e+02   5.6250000e-01
   5.0000000e+02   8.5714286e-01
   1.0000000e+03   9.5833333e-01
   5.0000000e+03   1.0000000e+00
   1.0000000e+04   1.0000000e+00
   5.0000000e+04   1.0000000e+00
   1.0000000e+05   1.0000000e+00
   5.0000000e+05   1.0000000e+00
   1.0000000e+06   1.0000000e+00
   5.0000000e+06   1.0000000e+00
   1.0000000e+07   1.0000000e+00
   5.0000000e+07   1.0000000e+00
   1.0000000e+08   1.0000000e+00
   5.0000000e+08   1.0000000e+00
   1.0000000e+09   1.0000000e+00
   5.0000000e+09   1.0000000e+00
   1.0000000e+10   1.0000000e+00
   1.0000000e+00   2.5806452e-01
   5.0000000e+00   3.4615385e-01
   1.0000000e+01   4.1935484e-01
   5.0000000e+01   3.8461538e-01
   1.0000000e+02   3.5483871e-01
   5.0000000e+02   7.5000000e-01
   1.0000000e+03   1.0000000e+00
   5.0000000e+03   1.0000000e+00
   1.0000000e+04   1.0000000e+00
   5.0000000e+04   1.0000000e+00
   1.0000000e+05   1.0000000e+00
   5.0000000e+05   1.0000000e+00
   1.0000000e+06   1.0000000e+00
   5.0000000e+06   1.0000000e+00
   1.0000000e+07   1.0000000e+00
   5.0000000e+07   1.0000000e+00
   1.0000000e+08   1.0000000e+00
   5.0000000e+08   1.0000000e+00
   1.0000000e+09   1.0000000e+00
   5.0000000e+09   1.0000000e+00
   1.0000000e+10   1.0000000e+00
   1.0000000e+00   4.3750000e-01
   5.0000000e+00   5.1851852e-01
   1.0000000e+01   4.3750000e-01
   5.0000000e+01   5.1851852e-01
   1.0000000e+02   4.6875000e-01
   5.0000000e+02   8.1481481e-01
   1.0000000e+03   8.9473684e-01
   5.0000000e+03   1.0000000e+00
   1.0000000e+04   1.0000000e+00
   5.0000000e+04   1.0000000e+00
   1.0000000e+05   1.0000000e+00
   5.0000000e+05   1.0000000e+00
   1.0000000e+06   1.0000000e+00
   5.0000000e+06   1.0000000e+00
   1.0000000e+07   1.0000000e+00
   5.0000000e+07   1.0000000e+00
   1.0000000e+08   1.0000000e+00
   5.0000000e+08   1.0000000e+00
   1.0000000e+09   1.0000000e+00
   5.0000000e+09   1.0000000e+00
   1.0000000e+10   1.0000000e+00
   1.0000000e+00   2.0833333e-01
   5.0000000e+00   3.6666667e-01
   1.0000000e+01   3.3333333e-01
   5.0000000e+01   4.6666667e-01
   1.0000000e+02   4.5833333e-01
   5.0000000e+02   7.1428571e-01
   1.0000000e+03   9.1304348e-01
   5.0000000e+03   1.0000000e+00
   1.0000000e+04   1.0000000e+00
   5.0000000e+04   1.0000000e+00
   1.0000000e+05   1.0000000e+00
   5.0000000e+05   1.0000000e+00
   1.0000000e+06   1.0000000e+00
   5.0000000e+06   1.0000000e+00
   1.0000000e+07   1.0000000e+00
   5.0000000e+07   1.0000000e+00
   1.0000000e+08   1.0000000e+00
   5.0000000e+08   1.0000000e+00
   1.0000000e+09   1.0000000e+00
   5.0000000e+09   1.0000000e+00
   1.0000000e+10   1.0000000e+00
   1.0000000e+00   4.7619048e-01
   5.0000000e+00   3.5483871e-01
   1.0000000e+01   3.8095238e-01
   5.0000000e+01   5.1612903e-01
   1.0000000e+02   5.2380952e-01
   5.0000000e+02   8.8888889e-01
   1.0000000e+03   1.0000000e+00
   5.0000000e+03   1.0000000e+00
   1.0000000e+04   1.0000000e+00
   5.0000000e+04   1.0000000e+00
   1.0000000e+05   1.0000000e+00
   5.0000000e+05   1.0000000e+00
   1.0000000e+06   1.0000000e+00
   5.0000000e+06   1.0000000e+00
   1.0000000e+07   1.0000000e+00
   5.0000000e+07   1.0000000e+00
   1.0000000e+08   1.0000000e+00
   5.0000000e+08   1.0000000e+00
   1.0000000e+09   1.0000000e+00
   5.0000000e+09   1.0000000e+00
   1.0000000e+10   1.0000000e+00
   1.0000000e+00   7.5000000e-01
   5.0000000e+00   3.6000000e-01
   1.0000000e+01   4.0000000e-01
   5.0000000e+01   4.8000000e-01
   1.0000000e+02   6.5000000e-01
   5.0000000e+02   8.4000000e-01
   1.0000000e+03   9.2857143e-01
   5.0000000e+03   1.0000000e+00
   1.0000000e+04   1.0000000e+00
   5.0000000e+04   1.0000000e+00
   1.0000000e+05   1.0000000e+00
   5.0000000e+05   1.0000000e+00
   1.0000000e+06   1.0000000e+00
   5.0000000e+06   1.0000000e+00
   1.0000000e+07   1.0000000e+00
   5.0000000e+07   1.0000000e+00
   1.0000000e+08   1.0000000e+00
   5.0000000e+08   1.0000000e+00
   1.0000000e+09   1.0000000e+00
   5.0000000e+09   1.0000000e+00
   1.0000000e+10   1.0000000e+00
   1.0000000e+00   3.2142857e-01
   5.0000000e+00   2.2222222e-01
   1.0000000e+01   3.5714286e-01
   5.0000000e+01   4.8148148e-01
   1.0000000e+02   3.5714286e-01
   5.0000000e+02   8.4210526e-01
   1.0000000e+03   1.0000000e+00
   5.0000000e+03   1.0000000e+00
   1.0000000e+04   1.0000000e+00
   5.0000000e+04   1.0000000e+00
   1.0000000e+05   1.0000000e+00
   5.0000000e+05   1.0000000e+00
   1.0000000e+06   1.0000000e+00
   5.0000000e+06   1.0000000e+00
   1.0000000e+07   1.0000000e+00
   5.0000000e+07   1.0000000e+00
   1.0000000e+08   1.0000000e+00
   5.0000000e+08   1.0000000e+00
   1.0000000e+09   1.0000000e+00
   5.0000000e+09   1.0000000e+00
   1.0000000e+10   1.0000000e+00
   1.0000000e+00   4.2424242e-01
   5.0000000e+00   3.0434783e-01
   1.0000000e+01   3.3333333e-01
   5.0000000e+01   2.6086957e-01
   1.0000000e+02   4.5454545e-01
   5.0000000e+02   6.9696970e-01
   1.0000000e+03   9.6774194e-01
   5.0000000e+03   9.6969697e-01
   1.0000000e+04   9.3548387e-01
   5.0000000e+04   1.0000000e+00
   1.0000000e+05   1.0000000e+00
   5.0000000e+05   1.0000000e+00
   1.0000000e+06   1.0000000e+00
   5.0000000e+06   1.0000000e+00
   1.0000000e+07   1.0000000e+00
   5.0000000e+07   1.0000000e+00
   1.0000000e+08   1.0000000e+00
   5.0000000e+08   1.0000000e+00
   1.0000000e+09   1.0000000e+00
   5.0000000e+09   1.0000000e+00
   1.0000000e+10   1.0000000e+00
   1.0000000e+00   4.0909091e-01
   5.0000000e+00   2.5925926e-01
   1.0000000e+01   4.0909091e-01
   5.0000000e+01   5.9259259e-01
   1.0000000e+02   4.5454545e-01
   5.0000000e+02   8.5714286e-01
   1.0000000e+03   9.5454545e-01
   5.0000000e+03   1.0000000e+00
   1.0000000e+04   1.0000000e+00
   5.0000000e+04   1.0000000e+00
   1.0000000e+05   1.0000000e+00
   5.0000000e+05   1.0000000e+00
   1.0000000e+06   1.0000000e+00
   5.0000000e+06   1.0000000e+00
   1.0000000e+07   1.0000000e+00
   5.0000000e+07   1.0000000e+00
   1.0000000e+08   1.0000000e+00
   5.0000000e+08   1.0000000e+00
   1.0000000e+09   1.0000000e+00
   5.0000000e+09   1.0000000e+00
   1.0000000e+10   1.0000000e+00
   1.0000000e+00   2.1212121e-01
   5.0000000e+00   2.9166667e-01
   1.0000000e+01   2.7272727e-01
   5.0000000e+01   3.7500000e-01
   1.0000000e+02   3.3333333e-01
   5.0000000e+02   9.2857143e-01
   1.0000000e+03   1.0000000e+00
   5.0000000e+03   1.0000000e+00
   1.0000000e+04   9.6153846e-01
   5.0000000e+04   1.0000000e+00
   1.0000000e+05   1.0000000e+00
   5.0000000e+05   1.0000000e+00
   1.0000000e+06   1.0000000e+00
   5.0000000e+06   1.0000000e+00
   1.0000000e+07   1.0000000e+00
   5.0000000e+07   1.0000000e+00
   1.0000000e+08   1.0000000e+00
   5.0000000e+08   1.0000000e+00
   1.0000000e+09   1.0000000e+00
   5.0000000e+09   1.0000000e+00
   1.0000000e+10   1.0000000e+00
   1.0000000e+00   2.6666667e-01
   5.0000000e+00   4.2307692e-01
   1.0000000e+01   3.3333333e-01
   5.0000000e+01   2.6923077e-01
   1.0000000e+02   5.6666667e-01
   5.0000000e+02   8.2758621e-01
   1.0000000e+03   8.5714286e-01
   5.0000000e+03   9.6551724e-01
   1.0000000e+04   9.5238095e-01
   5.0000000e+04   1.0000000e+00
   1.0000000e+05   1.0000000e+00
   5.0000000e+05   1.0000000e+00
   1.0000000e+06   1.0000000e+00
   5.0000000e+06   1.0000000e+00
   1.0000000e+07   1.0000000e+00
   5.0000000e+07   1.0000000e+00
   1.0000000e+08   1.0000000e+00
   5.0000000e+08   1.0000000e+00
   1.0000000e+09   1.0000000e+00
   5.0000000e+09   1.0000000e+00
   1.0000000e+10   1.0000000e+00
