   1.0000000e+00   7.3333333e-01
   5.0000000e+00   7.5862069e-01
   1.0000000e+01   7.6666667e-01
   5.0000000e+01   8.6206897e-01
   1.0000000e+02   8.6666667e-01
   5.0000000e+02   1.0000000e+00
   1.0000000e+03   1.0000000e+00
   5.0000000e+03   1.0000000e+00
   1.0000000e+04   1.0000000e+00
   5.0000000e+04   1.0000000e+00
   1.0000000e+05   1.0000000e+00
   5.0000000e+05   1.0000000e+00
   1.0000000e+06   1.0000000e+00
   5.0000000e+06   1.0000000e+00
   1.0000000e+07   1.0000000e+00
   5.0000000e+07   1.0000000e+00
   1.0000000e+08   1.0000000e+00
   5.0000000e+08   1.0000000e+00
   1.0000000e+09   1.0000000e+00
   5.0000000e+09   1.0000000e+00
   1.0000000e+10   1.0000000e+00
   1.0000000e+00   7.0370370e-01
   5.0000000e+00   7.8947368e-01
   1.0000000e+01   8.8888889e-01
   5.0000000e+01   7.8947368e-01
   1.0000000e+02   9.6296296e-01
   5.0000000e+02   1.0000000e+00
   1.0000000e+03   1.0000000e+00
   5.0000000e+03   1.0000000e+00
   1.0000000e+04   1.0000000e+00
   5.0000000e+04   1.0000000e+00
   1.0000000e+05   1.0000000e+00
   5.0000000e+05   1.0000000e+00
   1.0000000e+06   1.0000000e+00
   5.0000000e+06   1.0000000e+00
   1.0000000e+07   1.0000000e+00
   5.0000000e+07   1.0000000e+00
   1.0000000e+08   1.0000000e+00
   5.0000000e+08   1.0000000e+00
   1.0000000e+09   1.0000000e+00
   5.0000000e+09   1.0000000e+00
   1.0000000e+10   1.0000000e+00
   1.0000000e+00   9.0476190e-01
   5.0000000e+00   8.6956522e-01
   1.0000000e+01   7.6190476e-01
   5.0000000e+01   9.5652174e-01
   1.0000000e+02   8.5714286e-01
   5.0000000e+02   1.0000000e+00
   1.0000000e+03   1.0000000e+00
   5.0000000e+03   1.0000000e+00
   1.0000000e+04   1.0000000e+00
   5.0000000e+04   1.0000000e+00
   1.0000000e+05   1.0000000e+00
   5.0000000e+05   1.0000000e+00
   1.0000000e+06   1.0000000e+00
   5.0000000e+06   1.0000000e+00
   1.0000000e+07   1.0000000e+00
   5.0000000e+07   1.0000000e+00
   1.0000000e+08   1.0000000e+00
   5.0000000e+08   1.0000000e+00
   1.0000000e+09   1.0000000e+00
   5.0000000e+09   1.0000000e+00
   1.0000000e+10   1.0000000e+00
   1.0000000e+00   7.5000000e-01
   5.0000000e+00   7.8571429e-01
   1.0000000e+01   7.5000000e-01
   5.0000000e+01   8.9285714e-01
   1.0000000e+02   9.3750000e-01
   5.0000000e+02   1.0000000e+00
   1.0000000e+03   1.0000000e+00
   5.0000000e+03   1.0000000e+00
   1.0000000e+04   1.0000000e+00
   5.0000000e+04   1.0000000e+00
   1.0000000e+05   1.0000000e+00
   5.0000000e+05   1.0000000e+00
   1.0000000e+06   1.0000000e+00
   5.0000000e+06   1.0000000e+00
   1.0000000e+07   1.0000000e+00
   5.0000000e+07   1.0000000e+00
   1.0000000e+08   1.0000000e+00
   5.0000000e+08   1.0000000e+00
   1.0000000e+09   1.0000000e+00
   5.0000000e+09   1.0000000e+00
   1.0000000e+10   1.0000000e+00
   1.0000000e+00   7.0000000e-01
   5.0000000e+00   6.5517241e-01
   1.0000000e+01   7.0000000e-01
   5.0000000e+01   8.2758621e-01
   1.0000000e+02   8.5000000e-01
   5.0000000e+02   1.0000000e+00
   1.0000000e+03   1.0000000e+00
   5.0000000e+03   1.0000000e+00
   1.0000000e+04   1.0000000e+00
   5.0000000e+04   1.0000000e+00
   1.0000000e+05   1.0000000e+00
   5.0000000e+05   1.0000000e+00
   1.0000000e+06   1.0000000e+00
   5.0000000e+06   1.0000000e+00
   1.0000000e+07   1.0000000e+00
   5.0000000e+07   1.0000000e+00
   1.0000000e+08   1.0000000e+00
   5.0000000e+08   1.0000000e+00
   1.0000000e+09   1.0000000e+00
   5.0000000e+09   1.0000000e+00
   1.0000000e+10   1.0000000e+00
   1.0000000e+00   7.3076923e-01
   5.0000000e+00   8.9473684e-01
   1.0000000e+01   8.4615385e-01
   5.0000000e+01   8.9473684e-01
   1.0000000e+02   1.0000000e+00
   5.0000000e+02   1.0000000e+00
   1.0000000e+03   1.0000000e+00
   5.0000000e+03   1.0000000e+00
   1.0000000e+04   1.0000000e+00
   5.0000000e+04   1.0000000e+00
   1.0000000e+05   1.0000000e+00
   5.0000000e+05   1.0000000e+00
   1.0000000e+06   1.0000000e+00
   5.0000000e+06   1.0000000e+00
   1.0000000e+07   1.0000000e+00
   5.0000000e+07   1.0000000e+00
   1.0000000e+08   1.0000000e+00
   5.0000000e+08   1.0000000e+00
   1.0000000e+09   1.0000000e+00
   5.0000000e+09   1.0000000e+00
   1.0000000e+10   1.0000000e+00
   1.0000000e+00   7.3684211e-01
   5.0000000e+00   8.1818182e-01
   1.0000000e+01   7.3684211e-01
   5.0000000e+01   9.5454545e-01
   1.0000000e+02   8.4210526e-01
   5.0000000e+02   1.0000000e+00
   1.0000000e+03   1.0000000e+00
   5.0000000e+03   1.0000000e+00
   1.0000000e+04   1.0000000e+00
   5.0000000e+04   1.0000000e+00
   1.0000000e+05   1.0000000e+00
   5.0000000e+05   1.0000000e+00
   1.0000000e+06   1.0000000e+00
   5.0000000e+06   1.0000000e+00
   1.0000000e+07   1.0000000e+00
   5.0000000e+07   1.0000000e+00
   1.0000000e+08   1.0000000e+00
   5.0000000e+08   1.0000000e+00
   1.0000000e+09   1.0000000e+00
   5.0000000e+09   1.0000000e+00
   1.0000000e+10   1.0000000e+00
   1.0000000e+00   6.9565217e-01
   5.0000000e+00   6.8000000e-01
   1.0000000e+01   6.9565217e-01
   5.0000000e+01   7.6000000e-01
   1.0000000e+02   7.8260870e-01
   5.0000000e+02   1.0000000e+00
   1.0000000e+03   1.0000000e+00
   5.0000000e+03   1.0000000e+00
   1.0000000e+04   1.0000000e+00
   5.0000000e+04   1.0000000e+00
   1.0000000e+05   1.0000000e+00
   5.0000000e+05   1.0000000e+00
   1.0000000e+06   1.0000000e+00
   5.0000000e+06   1.0000000e+00
   1.0000000e+07   1.0000000e+00
   5.0000000e+07   1.0000000e+00
   1.0000000e+08   1.0000000e+00
   5.0000000e+08   1.0000000e+00
   1.0000000e+09   1.0000000e+00
   5.0000000e+09   1.0000000e+00
   1.0000000e+10   1.0000000e+00
   1.0000000e+00   8.0000000e-01
   5.0000000e+00   7.3684211e-01
   1.0000000e+01   7.2000000e-01
   5.0000000e+01   8.9473684e-01
   1.0000000e+02   8.4000000e-01
   5.0000000e+02   1.0000000e+00
   1.0000000e+03   1.0000000e+00
   5.0000000e+03   1.0000000e+00
   1.0000000e+04   1.0000000e+00
   5.0000000e+04   1.0000000e+00
   1.0000000e+05   1.0000000e+00
   5.0000000e+05   1.0000000e+00
   1.0000000e+06   1.0000000e+00
   5.0000000e+06   1.0000000e+00
   1.0000000e+07   1.0000000e+00
   5.0000000e+07   1.0000000e+00
   1.0000000e+08   1.0000000e+00
   5.0000000e+08   1.0000000e+00
   1.0000000e+09   1.0000000e+00
   5.0000000e+09   1.0000000e+00
   1.0000000e+10   1.0000000e+00
   1.0000000e+00   6.9565217e-01
   5.0000000e+00   8.9655172e-01
   1.0000000e+01   8.2608696e-01
   5.0000000e+01   9.3103448e-01
   1.0000000e+02   9.1304348e-01
   5.0000000e+02   1.0000000e+00
   1.0000000e+03   1.0000000e+00
   5.0000000e+03   1.0000000e+00
   1.0000000e+04   1.0000000e+00
   5.0000000e+04   1.0000000e+00
   1.0000000e+05   1.0000000e+00
   5.0000000e+05   1.0000000e+00
   1.0000000e+06   1.0000000e+00
   5.0000000e+06   1.0000000e+00
   1.0000000e+07   1.0000000e+00
   5.0000000e+07   1.0000000e+00
   1.0000000e+08   1.0000000e+00
   5.0000000e+08   1.0000000e+00
   1.0000000e+09   1.0000000e+00
   5.0000000e+09   1.0000000e+00
   1.0000000e+10   1.0000000e+00
   1.0000000e+00   6.8000000e-01
   5.0000000e+00   9.4117647e-01
   1.0000000e+01   8.0000000e-01
   5.0000000e+01   9.1176471e-01
   1.0000000e+02   9.2000000e-01
   5.0000000e+02   1.0000000e+00
   1.0000000e+03   1.0000000e+00
   5.0000000e+03   1.0000000e+00
   1.0000000e+04   1.0000000e+00
   5.0000000e+04   1.0000000e+00
   1.0000000e+05   1.0000000e+00
   5.0000000e+05   1.0000000e+00
   1.0000000e+06   1.0000000e+00
   5.0000000e+06   1.0000000e+00
   1.0000000e+07   1.0000000e+00
   5.0000000e+07   1.0000000e+00
   1.0000000e+08   1.0000000e+00
   5.0000000e+08   1.0000000e+00
   1.0000000e+09   1.0000000e+00
   5.0000000e+09   1.0000000e+00
   1.0000000e+10   1.0000000e+00
   1.0000000e+00   7.9411765e-01
   5.0000000e+00   6.5384615e-01
   1.0000000e+01   8.8235294e-01
   5.0000000e+01   9.2307692e-01
   1.0000000e+02   8.5294118e-01
   5.0000000e+02   1.0000000e+00
   1.0000000e+03   1.0000000e+00
   5.0000000e+03   1.0000000e+00
   1.0000000e+04   1.0000000e+00
   5.0000000e+04   1.0000000e+00
   1.0000000e+05   1.0000000e+00
   5.0000000e+05   1.0000000e+00
   1.0000000e+06   1.0000000e+00
   5.0000000e+06   1.0000000e+00
   1.0000000e+07   1.0000000e+00
   5.0000000e+07   1.0000000e+00
   1.0000000e+08   1.0000000e+00
   5.0000000e+08   1.0000000e+00
   1.0000000e+09   1.0000000e+00
   5.0000000e+09   1.0000000e+00
   1.0000000e+10   1.0000000e+00
   1.0000000e+00   7.9411765e-01
   5.0000000e+00   6.0869565e-01
   1.0000000e+01   7.6470588e-01
   5.0000000e+01   8.6956522e-01
   1.0000000e+02   9.4117647e-01
   5.0000000e+02   1.0000000e+00
   1.0000000e+03   1.0000000e+00
   5.0000000e+03   1.0000000e+00
   1.0000000e+04   1.0000000e+00
   5.0000000e+04   1.0000000e+00
   1.0000000e+05   1.0000000e+00
   5.0000000e+05   1.0000000e+00
   1.0000000e+06   1.0000000e+00
   5.0000000e+06   1.0000000e+00
   1.0000000e+07   1.0000000e+00
   5.0000000e+07   1.0000000e+00
   1.0000000e+08   1.0000000e+00
   5.0000000e+08   1.0000000e+00
   1.0000000e+09   1.0000000e+00
   5.0000000e+09   1.0000000e+00
   1.0000000e+10   1.0000000e+00
   1.0000000e+00   6.2962963e-01
   5.0000000e+00   7.7419355e-01
   1.0000000e+01   6.6666667e-01
   5.0000000e+01   8.3870968e-01
   1.0000000e+02   8.5185185e-01
   5.0000000e+02   1.0000000e+00
   1.0000000e+03   1.0000000e+00
   5.0000000e+03   1.0000000e+00
   1.0000000e+04   1.0000000e+00
   5.0000000e+04   1.0000000e+00
   1.0000000e+05   1.0000000e+00
   5.0000000e+05   1.0000000e+00
   1.0000000e+06   1.0000000e+00
   5.0000000e+06   1.0000000e+00
   1.0000000e+07   1.0000000e+00
   5.0000000e+07   1.0000000e+00
   1.0000000e+08   1.0000000e+00
   5.0000000e+08   1.0000000e+00
   1.0000000e+09   1.0000000e+00
   5.0000000e+09   1.0000000e+00
   1.0000000e+10   1.0000000e+00
   1.0000000e+00   8.7500000e-01
   5.0000000e+00   7.6666667e-01
   1.0000000e+01   7.0833333e-01
   5.0000000e+01   8.0000000e-01
   1.0000000e+02   9.1666667e-01
   5.0000000e+02   1.0000000e+00
   1.0000000e+03   1.0000000e+00
   5.0000000e+03   1.0000000e+00
   1.0000000e+04   1.0000000e+00
   5.0000000e+04   1.0000000e+00
   1.0000000e+05   1.0000000e+00
   5.0000000e+05   1.0000000e+00
   1.0000000e+06   1.0000000e+00
   5.0000000e+06   1.0000000e+00
   1.0000000e+07   1.0000000e+00
   5.0000000e+07   1.0000000e+00
   1.0000000e+08   1.0000000e+00
   5.0000000e+08   1.0000000e+00
   1.0000000e+09   1.0000000e+00
   5.0000000e+09   1.0000000e+00
   1.0000000e+10   1.0000000e+00
   1.0000000e+00   8.0952381e-01
   5.0000000e+00   9.2000000e-01
   1.0000000e+01   7.6190476e-01
   5.0000000e+01   8.8000000e-01
   1.0000000e+02   9.0476190e-01
   5.0000000e+02   1.0000000e+00
   1.0000000e+03   1.0000000e+00
   5.0000000e+03   1.0000000e+00
   1.0000000e+04   1.0000000e+00
   5.0000000e+04   1.0000000e+00
   1.0000000e+05   1.0000000e+00
   5.0000000e+05   1.0000000e+00
   1.0000000e+06   1.0000000e+00
   5.0000000e+06   1.0000000e+00
   1.0000000e+07   1.0000000e+00
   5.0000000e+07   1.0000000e+00
   1.0000000e+08   1.0000000e+00
   5.0000000e+08   1.0000000e+00
   1.0000000e+09   1.0000000e+00
   5.0000000e+09   1.0000000e+00
   1.0000000e+10   1.0000000e+00
   1.0000000e+00   7.5000000e-01
   5.0000000e+00   8.8461538e-01
   1.0000000e+01   7.5000000e-01
   5.0000000e+01   8.8461538e-01
   1.0000000e+02   9.1666667e-01
   5.0000000e+02   1.0000000e+00
   1.0000000e+03   1.0000000e+00
   5.0000000e+03   1.0000000e+00
   1.0000000e+04   1.0000000e+00
   5.0000000e+04   1.0000000e+00
   1.0000000e+05   1.0000000e+00
   5.0000000e+05   1.0000000e+00
   1.0000000e+06   1.0000000e+00
   5.0000000e+06   1.0000000e+00
   1.0000000e+07   1.0000000e+00
   5.0000000e+07   1.0000000e+00
   1.0000000e+08   1.0000000e+00
   5.0000000e+08   1.0000000e+00
   1.0000000e+09   1.0000000e+00
   5.0000000e+09   1.0000000e+00
   1.0000000e+10   1.0000000e+00
   1.0000000e+00   7.5000000e-01
   5.0000000e+00   7.2727273e-01
   1.0000000e+01   8.3333333e-01
   5.0000000e+01   7.7272727e-01
   1.0000000e+02   8.7500000e-01
   5.0000000e+02   1.0000000e+00
   1.0000000e+03   1.0000000e+00
   5.0000000e+03   1.0000000e+00
   1.0000000e+04   1.0000000e+00
   5.0000000e+04   1.0000000e+00
   1.0000000e+05   1.0000000e+00
   5.0000000e+05   1.0000000e+00
   1.0000000e+06   1.0000000e+00
   5.0000000e+06   1.0000000e+00
   1.0000000e+07   1.0000000e+00
   5.0000000e+07   1.0000000e+00
   1.0000000e+08   1.0000000e+00
   5.0000000e+08   1.0000000e+00
   1.0000000e+09   1.0000000e+00
   5.0000000e+09   1.0000000e+00
   1.0000000e+10   1.0000000e+00
   1.0000000e+00   7.6923077e-01
   5.0000000e+00   7.8260870e-01
   1.0000000e+01   8.0769231e-01
   5.0000000e+01   8.2608696e-01
   1.0000000e+02   9.6153846e-01
   5.0000000e+02   1.0000000e+00
   1.0000000e+03   1.0000000e+00
   5.0000000e+03   1.0000000e+00
   1.0000000e+04   1.0000000e+00
   5.0000000e+04   1.0000000e+00
   1.0000000e+05   1.0000000e+00
   5.0000000e+05   1.0000000e+00
   1.0000000e+06   1.0000000e+00
   5.0000000e+06   1.0000000e+00
   1.0000000e+07   1.0000000e+00
   5.0000000e+07   1.0000000e+00
   1.0000000e+08   1.0000000e+00
   5.0000000e+08   1.0000000e+00
   1.0000000e+09   1.0000000e+00
   5.0000000e+09   1.0000000e+00
   1.0000000e+10   1.0000000e+00
   1.0000000e+00   8.1250000e-01
   5.0000000e+00   7.2727273e-01
   1.0000000e+01   8.4375000e-01
   5.0000000e+01   8.1818182e-01
   1.0000000e+02   8.7500000e-01
   5.0000000e+02   1.0000000e+00
   1.0000000e+03   1.0000000e+00
   5.0000000e+03   1.0000000e+00
   1.0000000e+04   1.0000000e+00
   5.0000000e+04   1.0000000e+00
   1.0000000e+05   1.0000000e+00
   5.0000000e+05   1.0000000e+00
   1.0000000e+06   1.0000000e+00
   5.0000000e+06   1.0000000e+00
   1.0000000e+07   1.0000000e+00
   5.0000000e+07   1.0000000e+00
   1.0000000e+08   1.0000000e+00
   5.0000000e+08   1.0000000e+00
   1.0000000e+09   1.0000000e+00
   5.0000000e+09   1.0000000e+00
   1.0000000e+10   1.0000000e+00
   1.0000000e+00   9.0322581e-01
   5.0000000e+00   8.0769231e-01
   1.0000000e+01   8.7096774e-01
   5.0000000e+01   8.0769231e-01
   1.0000000e+02   8.3870968e-01
   5.0000000e+02   1.0000000e+00
   1.0000000e+03   1.0000000e+00
   5.0000000e+03   1.0000000e+00
   1.0000000e+04   1.0000000e+00
   5.0000000e+04   1.0000000e+00
   1.0000000e+05   1.0000000e+00
   5.0000000e+05   1.0000000e+00
   1.0000000e+06   1.0000000e+00
   5.0000000e+06   1.0000000e+00
   1.0000000e+07   1.0000000e+00
   5.0000000e+07   1.0000000e+00
   1.0000000e+08   1.0000000e+00
   5.0000000e+08   1.0000000e+00
   1.0000000e+09   1.0000000e+00
   5.0000000e+09   1.0000000e+00
   1.0000000e+10   1.0000000e+00
   1.0000000e+00   8.4375000e-01
   5.0000000e+00   8.1481481e-01
   1.0000000e+01   8.7500000e-01
   5.0000000e+01   8.8888889e-01
   1.0000000e+02   9.6875000e-01
   5.0000000e+02   1.0000000e+00
   1.0000000e+03   1.0000000e+00
   5.0000000e+03   1.0000000e+00
   1.0000000e+04   1.0000000e+00
   5.0000000e+04   1.0000000e+00
   1.0000000e+05   1.0000000e+00
   5.0000000e+05   1.0000000e+00
   1.0000000e+06   1.0000000e+00
   5.0000000e+06   1.0000000e+00
   1.0000000e+07   1.0000000e+00
   5.0000000e+07   1.0000000e+00
   1.0000000e+08   1.0000000e+00
   5.0000000e+08   1.0000000e+00
   1.0000000e+09   1.0000000e+00
   5.0000000e+09   1.0000000e+00
   1.0000000e+10   1.0000000e+00
   1.0000000e+00   7.9166667e-01
   5.0000000e+00   8.3333333e-01
   1.0000000e+01   8.7500000e-01
   5.0000000e+01   9.0000000e-01
   1.0000000e+02   9.1666667e-01
   5.0000000e+02   1.0000000e+00
   1.0000000e+03   1.0000000e+00
   5.0000000e+03   1.0000000e+00
   1.0000000e+04   1.0000000e+00
   5.0000000e+04   1.0000000e+00
   1.0000000e+05   1.0000000e+00
   5.0000000e+05   1.0000000e+00
   1.0000000e+06   1.0000000e+00
   5.0000000e+06   1.0000000e+00
   1.0000000e+07   1.0000000e+00
   5.0000000e+07   1.0000000e+00
   1.0000000e+08   1.0000000e+00
   5.0000000e+08   1.0000000e+00
   1.0000000e+09   1.0000000e+00
   5.0000000e+09   1.0000000e+00
   1.0000000e+10   1.0000000e+00
   1.0000000e+00   7.1428571e-01
   5.0000000e+00   8.0645161e-01
   1.0000000e+01   9.0476190e-01
   5.0000000e+01   9.0322581e-01
   1.0000000e+02   8.0952381e-01
   5.0000000e+02   1.0000000e+00
   1.0000000e+03   1.0000000e+00
   5.0000000e+03   1.0000000e+00
   1.0000000e+04   1.0000000e+00
   5.0000000e+04   1.0000000e+00
   1.0000000e+05   1.0000000e+00
   5.0000000e+05   1.0000000e+00
   1.0000000e+06   1.0000000e+00
   5.0000000e+06   1.0000000e+00
   1.0000000e+07   1.0000000e+00
   5.0000000e+07   1.0000000e+00
   1.0000000e+08   1.0000000e+00
   5.0000000e+08   1.0000000e+00
   1.0000000e+09   1.0000000e+00
   5.0000000e+09   1.0000000e+00
   1.0000000e+10   1.0000000e+00
   1.0000000e+00   7.5000000e-01
   5.0000000e+00   8.8000000e-01
   1.0000000e+01   6.5000000e-01
   5.0000000e+01   8.4000000e-01
   1.0000000e+02   9.5000000e-01
   5.0000000e+02   1.0000000e+00
   1.0000000e+03   1.0000000e+00
   5.0000000e+03   1.0000000e+00
   1.0000000e+04   1.0000000e+00
   5.0000000e+04   1.0000000e+00
   1.0000000e+05   1.0000000e+00
   5.0000000e+05   1.0000000e+00
   1.0000000e+06   1.0000000e+00
   5.0000000e+06   1.0000000e+00
   1.0000000e+07   1.0000000e+00
   5.0000000e+07   1.0000000e+00
   1.0000000e+08   1.0000000e+00
   5.0000000e+08   1.0000000e+00
   1.0000000e+09   1.0000000e+00
   5.0000000e+09   1.0000000e+00
   1.0000000e+10   1.0000000e+00
   1.0000000e+00   9.6428571e-01
   5.0000000e+00   8.1481481e-01
   1.0000000e+01   9.2857143e-01
   5.0000000e+01   8.8888889e-01
   1.0000000e+02   9.2857143e-01
   5.0000000e+02   1.0000000e+00
   1.0000000e+03   1.0000000e+00
   5.0000000e+03   1.0000000e+00
   1.0000000e+04   1.0000000e+00
   5.0000000e+04   1.0000000e+00
   1.0000000e+05   1.0000000e+00
   5.0000000e+05   1.0000000e+00
   1.0000000e+06   1.0000000e+00
   5.0000000e+06   1.0000000e+00
   1.0000000e+07   1.0000000e+00
   5.0000000e+07   1.0000000e+00
   1.0000000e+08   1.0000000e+00
   5.0000000e+08   1.0000000e+00
   1.0000000e+09   1.0000000e+00
   5.0000000e+09   1.0000000e+00
   1.0000000e+10   1.0000000e+00
   1.0000000e+00   8.4848485e-01
   5.0000000e+00   5.6521739e-01
   1.0000000e+01   9.0909091e-01
   5.0000000e+01   8.6956522e-01
   1.0000000e+02   9.3939394e-01
   5.0000000e+02   1.0000000e+00
   1.0000000e+03   1.0000000e+00
   5.0000000e+03   1.0000000e+00
   1.0000000e+04   1.0000000e+00
   5.0000000e+04   1.0000000e+00
   1.0000000e+05   1.0000000e+00
   5.0000000e+05   1.0000000e+00
   1.0000000e+06   1.0000000e+00
   5.0000000e+06   1.0000000e+00
   1.0000000e+07   1.0000000e+00
   5.0000000e+07   1.0000000e+00
   1.0000000e+08   1.0000000e+00
   5.0000000e+08   1.0000000e+00
   1.0000000e+09   1.0000000e+00
   5.0000000e+09   1.0000000e+00
   1.0000000e+10   1.0000000e+00
   1.0000000e+00   9.5454545e-01
   5.0000000e+00   8.1481481e-01
   1.0000000e+01   9.5454545e-01
   5.0000000e+01   8.8888889e-01
   1.0000000e+02   8.1818182e-01
   5.0000000e+02   1.0000000e+00
   1.0000000e+03   1.0000000e+00
   5.0000000e+03   1.0000000e+00
   1.0000000e+04   1.0000000e+00
   5.0000000e+04   1.0000000e+00
   1.0000000e+05   1.0000000e+00
   5.0000000e+05   1.0000000e+00
   1.0000000e+06   1.0000000e+00
   5.0000000e+06   1.0000000e+00
   1.0000000e+07   1.0000000e+00
   5.0000000e+07   1.0000000e+00
   1.0000000e+08   1.0000000e+00
   5.0000000e+08   1.0000000e+00
   1.0000000e+09   1.0000000e+00
   5.0000000e+09   1.0000000e+00
   1.0000000e+10   1.0000000e+00
   1.0000000e+00   8.1818182e-01
   5.0000000e+00   8.3333333e-01
   1.0000000e+01   8.7878788e-01
   5.0000000e+01   9.5833333e-01
   1.0000000e+02   9.3939394e-01
   5.0000000e+02   1.0000000e+00
   1.0000000e+03   1.0000000e+00
   5.0000000e+03   1.0000000e+00
   1.0000000e+04   1.0000000e+00
   5.0000000e+04   1.0000000e+00
   1.0000000e+05   1.0000000e+00
   5.0000000e+05   1.0000000e+00
   1.0000000e+06   1.0000000e+00
   5.0000000e+06   1.0000000e+00
   1.0000000e+07   1.0000000e+00
   5.0000000e+07   1.0000000e+00
   1.0000000e+08   1.0000000e+00
   5.0000000e+08   1.0000000e+00
   1.0000000e+09   1.0000000e+00
   5.0000000e+09   1.0000000e+00
   1.0000000e+10   1.0000000e+00
   1.0000000e+00   8.0000000e-01
   5.0000000e+00   8.4615385e-01
   1.0000000e+01   8.6666667e-01
   5.0000000e+01   8.8461538e-01
   1.0000000e+02   9.6666667e-01
   5.0000000e+02   1.0000000e+00
   1.0000000e+03   1.0000000e+00
   5.0000000e+03   1.0000000e+00
   1.0000000e+04   1.0000000e+00
   5.0000000e+04   1.0000000e+00
   1.0000000e+05   1.0000000e+00
   5.0000000e+05   1.0000000e+00
   1.0000000e+06   1.0000000e+00
   5.0000000e+06   1.0000000e+00
   1.0000000e+07   1.0000000e+00
   5.0000000e+07   1.0000000e+00
   1.0000000e+08   1.0000000e+00
   5.0000000e+08   1.0000000e+00
   1.0000000e+09   1.0000000e+00
   5.0000000e+09   1.0000000e+00
   1.0000000e+10   1.0000000e+00
