   1.0000000e+00   4.6666667e-01
   5.0000000e+00   6.2068966e-01
   1.0000000e+01   7.0000000e-01
   5.0000000e+01   5.5172414e-01
   1.0000000e+02   7.0000000e-01
   5.0000000e+02   9.6000000e-01
   1.0000000e+03   1.0000000e+00
   5.0000000e+03   1.0000000e+00
   1.0000000e+04   1.0000000e+00
   5.0000000e+04   1.0000000e+00
   1.0000000e+05   1.0000000e+00
   5.0000000e+05   1.0000000e+00
   1.0000000e+06   1.0000000e+00
   5.0000000e+06   1.0000000e+00
   1.0000000e+07   1.0000000e+00
   5.0000000e+07   1.0000000e+00
   1.0000000e+08   1.0000000e+00
   5.0000000e+08   1.0000000e+00
   1.0000000e+09   1.0000000e+00
   5.0000000e+09   1.0000000e+00
   1.0000000e+10   1.0000000e+00
   1.0000000e+00   3.3333333e-01
   5.0000000e+00   6.3157895e-01
   1.0000000e+01   6.2962963e-01
   5.0000000e+01   4.2105263e-01
   1.0000000e+02   8.8888889e-01
   5.0000000e+02   9.6296296e-01
   1.0000000e+03   1.0000000e+00
   5.0000000e+03   1.0000000e+00
   1.0000000e+04   9.5833333e-01
   5.0000000e+04   1.0000000e+00
   1.0000000e+05   1.0000000e+00
   5.0000000e+05   1.0000000e+00
   1.0000000e+06   1.0000000e+00
   5.0000000e+06   1.0000000e+00
   1.0000000e+07   1.0000000e+00
   5.0000000e+07   1.0000000e+00
   1.0000000e+08   1.0000000e+00
   5.0000000e+08   1.0000000e+00
   1.0000000e+09   1.0000000e+00
   5.0000000e+09   1.0000000e+00
   1.0000000e+10   1.0000000e+00
   1.0000000e+00   6.1904762e-01
   5.0000000e+00   7.8260870e-01
   1.0000000e+01   7.1428571e-01
   5.0000000e+01   5.6521739e-01
   1.0000000e+02   6.6666667e-01
   5.0000000e+02   8.6363636e-01
   1.0000000e+03   1.0000000e+00
   5.0000000e+03   1.0000000e+00
   1.0000000e+04   1.0000000e+00
   5.0000000e+04   1.0000000e+00
   1.0000000e+05   1.0000000e+00
   5.0000000e+05   1.0000000e+00
   1.0000000e+06   1.0000000e+00
   5.0000000e+06   1.0000000e+00
   1.0000000e+07   1.0000000e+00
   5.0000000e+07   1.0000000e+00
   1.0000000e+08   1.0000000e+00
   5.0000000e+08   1.0000000e+00
   1.0000000e+09   1.0000000e+00
   5.0000000e+09   1.0000000e+00
   1.0000000e+10   1.0000000e+00
   1.0000000e+00   6.2500000e-01
   5.0000000e+00   7.1428571e-01
   1.0000000e+01   3.7500000e-01
   5.0000000e+01   7.5000000e-01
   1.0000000e+02   7.5000000e-01
   5.0000000e+02   9.7058824e-01
   1.0000000e+03   1.0000000e+00
   5.0000000e+03   1.0000000e+00
   1.0000000e+04   1.0000000e+00
   5.0000000e+04   1.0000000e+00
   1.0000000e+05   1.0000000e+00
   5.0000000e+05   1.0000000e+00
   1.0000000e+06   1.0000000e+00
   5.0000000e+06   1.0000000e+00
   1.0000000e+07   1.0000000e+00
   5.0000000e+07   1.0000000e+00
   1.0000000e+08   1.0000000e+00
   5.0000000e+08   1.0000000e+00
   1.0000000e+09   1.0000000e+00
   5.0000000e+09   1.0000000e+00
   1.0000000e+10   1.0000000e+00
   1.0000000e+00   3.5000000e-01
   5.0000000e+00   4.8275862e-01
   1.0000000e+01   5.5000000e-01
   5.0000000e+01   5.1724138e-01
   1.0000000e+02   6.5000000e-01
   5.0000000e+02   8.6363636e-01
   1.0000000e+03   1.0000000e+00
   5.0000000e+03   1.0000000e+00
   1.0000000e+04   1.0000000e+00
   5.0000000e+04   9.6000000e-01
   1.0000000e+05   1.0000000e+00
   5.0000000e+05   1.0000000e+00
   1.0000000e+06   1.0000000e+00
   5.0000000e+06   1.0000000e+00
   1.0000000e+07   1.0000000e+00
   5.0000000e+07   1.0000000e+00
   1.0000000e+08   1.0000000e+00
   5.0000000e+08   1.0000000e+00
   1.0000000e+09   1.0000000e+00
   5.0000000e+09   1.0000000e+00
   1.0000000e+10   1.0000000e+00
   1.0000000e+00   4.6153846e-01
   5.0000000e+00   5.2631579e-01
   1.0000000e+01   4.2307692e-01
   5.0000000e+01   4.7368421e-01
   1.0000000e+02   6.9230769e-01
   5.0000000e+02   8.8888889e-01
   1.0000000e+03   1.0000000e+00
   5.0000000e+03   1.0000000e+00
   1.0000000e+04   1.0000000e+00
   5.0000000e+04   1.0000000e+00
   1.0000000e+05   1.0000000e+00
   5.0000000e+05   1.0000000e+00
   1.0000000e+06   1.0000000e+00
   5.0000000e+06   1.0000000e+00
   1.0000000e+07   1.0000000e+00
   5.0000000e+07   1.0000000e+00
   1.0000000e+08   1.0000000e+00
   5.0000000e+08   1.0000000e+00
   1.0000000e+09   1.0000000e+00
   5.0000000e+09   1.0000000e+00
   1.0000000e+10   1.0000000e+00
   1.0000000e+00   3.1578947e-01
   5.0000000e+00   5.4545455e-01
   1.0000000e+01   3.1578947e-01
   5.0000000e+01   7.2727273e-01
   1.0000000e+02   6.3157895e-01
   5.0000000e+02   8.9285714e-01
   1.0000000e+03   1.0000000e+00
   5.0000000e+03   1.0000000e+00
   1.0000000e+04   1.0000000e+00
   5.0000000e+04   1.0000000e+00
   1.0000000e+05   1.0000000e+00
   5.0000000e+05   1.0000000e+00
   1.0000000e+06   1.0000000e+00
   5.0000000e+06   1.0000000e+00
   1.0000000e+07   1.0000000e+00
   5.0000000e+07   1.0000000e+00
   1.0000000e+08   1.0000000e+00
   5.0000000e+08   1.0000000e+00
   1.0000000e+09   1.0000000e+00
   5.0000000e+09   1.0000000e+00
   1.0000000e+10   1.0000000e+00
   1.0000000e+00   3.4782609e-01
   5.0000000e+00   6.0000000e-01
   1.0000000e+01   4.7826087e-01
   5.0000000e+01   6.0000000e-01
   1.0000000e+02   5.6521739e-01
   5.0000000e+02   9.0909091e-01
   1.0000000e+03   9.6153846e-01
   5.0000000e+03   1.0000000e+00
   1.0000000e+04   1.0000000e+00
   5.0000000e+04   1.0000000e+00
   1.0000000e+05   1.0000000e+00
   5.0000000e+05   1.0000000e+00
   1.0000000e+06   1.0000000e+00
   5.0000000e+06   1.0000000e+00
   1.0000000e+07   1.0000000e+00
   5.0000000e+07   1.0000000e+00
   1.0000000e+08   1.0000000e+00
   5.0000000e+08   1.0000000e+00
   1.0000000e+09   1.0000000e+00
   5.0000000e+09   1.0000000e+00
   1.0000000e+10   1.0000000e+00
   1.0000000e+00   4.8000000e-01
   5.0000000e+00   5.2631579e-01
   1.0000000e+01   3.6000000e-01
   5.0000000e+01   6.3157895e-01
   1.0000000e+02   5.6000000e-01
   5.0000000e+02   8.5185185e-01
   1.0000000e+03   1.0000000e+00
   5.0000000e+03   1.0000000e+00
   1.0000000e+04   1.0000000e+00
   5.0000000e+04   1.0000000e+00
   1.0000000e+05   1.0000000e+00
   5.0000000e+05   1.0000000e+00
   1.0000000e+06   1.0000000e+00
   5.0000000e+06   1.0000000e+00
   1.0000000e+07   1.0000000e+00
   5.0000000e+07   1.0000000e+00
   1.0000000e+08   1.0000000e+00
   5.0000000e+08   1.0000000e+00
   1.0000000e+09   1.0000000e+00
   5.0000000e+09   1.0000000e+00
   1.0000000e+10   1.0000000e+00
   1.0000000e+00   5.6521739e-01
   5.0000000e+00   4.4827586e-01
   1.0000000e+01   4.7826087e-01
   5.0000000e+01   7.2413793e-01
   1.0000000e+02   6.5217391e-01
   5.0000000e+02   8.7500000e-01
   1.0000000e+03   9.4736842e-01
   5.0000000e+03   1.0000000e+00
   1.0000000e+04   1.0000000e+00
   5.0000000e+04   1.0000000e+00
   1.0000000e+05   1.0000000e+00
   5.0000000e+05   1.0000000e+00
   1.0000000e+06   1.0000000e+00
   5.0000000e+06   1.0000000e+00
   1.0000000e+07   1.0000000e+00
   5.0000000e+07   1.0000000e+00
   1.0000000e+08   1.0000000e+00
   5.0000000e+08   1.0000000e+00
   1.0000000e+09   1.0000000e+00
   5.0000000e+09   1.0000000e+00
   1.0000000e+10   1.0000000e+00
   1.0000000e+00   4.4000000e-01
   5.0000000e+00   5.5882353e-01
   1.0000000e+01   6.4000000e-01
   5.0000000e+01   6.7647059e-01
   1.0000000e+02   6.4000000e-01
   5.0000000e+02   8.1481481e-01
   1.0000000e+03   1.0000000e+00
   5.0000000e+03   1.0000000e+00
   1.0000000e+04   1.0000000e+00
   5.0000000e+04   1.0000000e+00
   1.0000000e+05   1.0000000e+00
   5.0000000e+05   1.0000000e+00
   1.0000000e+06   1.0000000e+00
   5.0000000e+06   1.0000000e+00
   1.0000000e+07   1.0000000e+00
   5.0000000e+07   1.0000000e+00
   1.0000000e+08   1.0000000e+00
   5.0000000e+08   1.0000000e+00
   1.0000000e+09   1.0000000e+00
   5.0000000e+09   1.0000000e+00
   1.0000000e+10   1.0000000e+00
   1.0000000e+00   3.2352941e-01
   5.0000000e+00   4.6153846e-01
   1.0000000e+01   6.7647059e-01
   5.0000000e+01   6.1538462e-01
   1.0000000e+02   6.1764706e-01
   5.0000000e+02   9.2000000e-01
   1.0000000e+03   1.0000000e+00
   5.0000000e+03   1.0000000e+00
   1.0000000e+04   1.0000000e+00
   5.0000000e+04   1.0000000e+00
   1.0000000e+05   1.0000000e+00
   5.0000000e+05   1.0000000e+00
   1.0000000e+06   1.0000000e+00
   5.0000000e+06   1.0000000e+00
   1.0000000e+07   1.0000000e+00
   5.0000000e+07   1.0000000e+00
   1.0000000e+08   1.0000000e+00
   5.0000000e+08   1.0000000e+00
   1.0000000e+09   1.0000000e+00
   5.0000000e+09   1.0000000e+00
   1.0000000e+10   1.0000000e+00
   1.0000000e+00   5.8823529e-01
   5.0000000e+00   4.7826087e-01
   1.0000000e+01   7.3529412e-01
   5.0000000e+01   6.9565217e-01
   1.0000000e+02   7.3529412e-01
   5.0000000e+02   8.7500000e-01
   1.0000000e+03   9.6969697e-01
   5.0000000e+03   1.0000000e+00
   1.0000000e+04   1.0000000e+00
   5.0000000e+04   1.0000000e+00
   1.0000000e+05   1.0000000e+00
   5.0000000e+05   1.0000000e+00
   1.0000000e+06   1.0000000e+00
   5.0000000e+06   1.0000000e+00
   1.0000000e+07   1.0000000e+00
   5.0000000e+07   1.0000000e+00
   1.0000000e+08   1.0000000e+00
   5.0000000e+08   1.0000000e+00
   1.0000000e+09   1.0000000e+00
   5.0000000e+09   1.0000000e+00
   1.0000000e+10   1.0000000e+00
   1.0000000e+00   4.8148148e-01
   5.0000000e+00   5.8064516e-01
   1.0000000e+01   4.8148148e-01
   5.0000000e+01   5.8064516e-01
   1.0000000e+02   7.7777778e-01
   5.0000000e+02   9.3750000e-01
   1.0000000e+03   1.0000000e+00
   5.0000000e+03   1.0000000e+00
   1.0000000e+04   1.0000000e+00
   5.0000000e+04   1.0000000e+00
   1.0000000e+05   1.0000000e+00
   5.0000000e+05   1.0000000e+00
   1.0000000e+06   1.0000000e+00
   5.0000000e+06   1.0000000e+00
   1.0000000e+07   1.0000000e+00
   5.0000000e+07   1.0000000e+00
   1.0000000e+08   1.0000000e+00
   5.0000000e+08   1.0000000e+00
   1.0000000e+09   1.0000000e+00
   5.0000000e+09   1.0000000e+00
   1.0000000e+10   1.0000000e+00
   1.0000000e+00   7.0833333e-01
   5.0000000e+00   5.3333333e-01
   1.0000000e+01   5.0000000e-01
   5.0000000e+01   7.3333333e-01
   1.0000000e+02   8.7500000e-01
   5.0000000e+02   9.3333333e-01
   1.0000000e+03   1.0000000e+00
   5.0000000e+03   1.0000000e+00
   1.0000000e+04   1.0000000e+00
   5.0000000e+04   1.0000000e+00
   1.0000000e+05   1.0000000e+00
   5.0000000e+05   1.0000000e+00
   1.0000000e+06   1.0000000e+00
   5.0000000e+06   1.0000000e+00
   1.0000000e+07   1.0000000e+00
   5.0000000e+07   1.0000000e+00
   1.0000000e+08   1.0000000e+00
   5.0000000e+08   1.0000000e+00
   1.0000000e+09   1.0000000e+00
   5.0000000e+09   1.0000000e+00
   1.0000000e+10   1.0000000e+00
   1.0000000e+00   6.1904762e-01
   5.0000000e+00   4.0000000e-01
   1.0000000e+01   6.1904762e-01
   5.0000000e+01   6.0000000e-01
   1.0000000e+02   8.0952381e-01
   5.0000000e+02   9.2307692e-01
   1.0000000e+03   1.0000000e+00
   5.0000000e+03   1.0000000e+00
   1.0000000e+04   1.0000000e+00
   5.0000000e+04   1.0000000e+00
   1.0000000e+05   1.0000000e+00
   5.0000000e+05   1.0000000e+00
   1.0000000e+06   1.0000000e+00
   5.0000000e+06   1.0000000e+00
   1.0000000e+07   1.0000000e+00
   5.0000000e+07   1.0000000e+00
   1.0000000e+08   1.0000000e+00
   5.0000000e+08   1.0000000e+00
   1.0000000e+09   1.0000000e+00
   5.0000000e+09   1.0000000e+00
   1.0000000e+10   1.0000000e+00
   1.0000000e+00   5.0000000e-01
   5.0000000e+00   3.8461538e-01
   1.0000000e+01   4.5833333e-01
   5.0000000e+01   6.1538462e-01
   1.0000000e+02   7.0833333e-01
   5.0000000e+02   9.6774194e-01
   1.0000000e+03   1.0000000e+00
   5.0000000e+03   1.0000000e+00
   1.0000000e+04   1.0000000e+00
   5.0000000e+04   1.0000000e+00
   1.0000000e+05   1.0000000e+00
   5.0000000e+05   1.0000000e+00
   1.0000000e+06   1.0000000e+00
   5.0000000e+06   1.0000000e+00
   1.0000000e+07   1.0000000e+00
   5.0000000e+07   1.0000000e+00
   1.0000000e+08   1.0000000e+00
   5.0000000e+08   1.0000000e+00
   1.0000000e+09   1.0000000e+00
   5.0000000e+09   1.0000000e+00
   1.0000000e+10   1.0000000e+00
   1.0000000e+00   5.0000000e-01
   5.0000000e+00   4.5454545e-01
   1.0000000e+01   6.2500000e-01
   5.0000000e+01   6.8181818e-01
   1.0000000e+02   7.9166667e-01
   5.0000000e+02   8.0645161e-01
   1.0000000e+03   1.0000000e+00
   5.0000000e+03   9.6774194e-01
   1.0000000e+04   1.0000000e+00
   5.0000000e+04   1.0000000e+00
   1.0000000e+05   1.0000000e+00
   5.0000000e+05   1.0000000e+00
   1.0000000e+06   1.0000000e+00
   5.0000000e+06   1.0000000e+00
   1.0000000e+07   1.0000000e+00
   5.0000000e+07   1.0000000e+00
   1.0000000e+08   1.0000000e+00
   5.0000000e+08   1.0000000e+00
   1.0000000e+09   1.0000000e+00
   5.0000000e+09   1.0000000e+00
   1.0000000e+10   1.0000000e+00
   1.0000000e+00   5.0000000e-01
   5.0000000e+00   5.2173913e-01
   1.0000000e+01   6.1538462e-01
   5.0000000e+01   6.9565217e-01
   1.0000000e+02   6.5384615e-01
   5.0000000e+02   8.7500000e-01
   1.0000000e+03   1.0000000e+00
   5.0000000e+03   1.0000000e+00
   1.0000000e+04   1.0000000e+00
   5.0000000e+04   1.0000000e+00
   1.0000000e+05   1.0000000e+00
   5.0000000e+05   1.0000000e+00
   1.0000000e+06   1.0000000e+00
   5.0000000e+06   1.0000000e+00
   1.0000000e+07   1.0000000e+00
   5.0000000e+07   1.0000000e+00
   1.0000000e+08   1.0000000e+00
   5.0000000e+08   1.0000000e+00
   1.0000000e+09   1.0000000e+00
   5.0000000e+09   1.0000000e+00
   1.0000000e+10   1.0000000e+00
   1.0000000e+00   5.3125000e-01
   5.0000000e+00   5.9090909e-01
   1.0000000e+01   5.6250000e-01
   5.0000000e+01   5.9090909e-01
   1.0000000e+02   6.8750000e-01
   5.0000000e+02   9.2857143e-01
   1.0000000e+03   9.5833333e-01
   5.0000000e+03   1.0000000e+00
   1.0000000e+04   1.0000000e+00
   5.0000000e+04   1.0000000e+00
   1.0000000e+05   1.0000000e+00
   5.0000000e+05   1.0000000e+00
   1.0000000e+06   1.0000000e+00
   5.0000000e+06   1.0000000e+00
   1.0000000e+07   1.0000000e+00
   5.0000000e+07   1.0000000e+00
   1.0000000e+08   1.0000000e+00
   5.0000000e+08   1.0000000e+00
   1.0000000e+09   1.0000000e+00
   5.0000000e+09   1.0000000e+00
   1.0000000e+10   1.0000000e+00
   1.0000000e+00   3.8709677e-01
   5.0000000e+00   5.0000000e-01
   1.0000000e+01   6.1290323e-01
   5.0000000e+01   6.9230769e-01
   1.0000000e+02   5.4838710e-01
   5.0000000e+02   8.9285714e-01
   1.0000000e+03   1.0000000e+00
   5.0000000e+03   1.0000000e+00
   1.0000000e+04   1.0000000e+00
   5.0000000e+04   1.0000000e+00
   1.0000000e+05   1.0000000e+00
   5.0000000e+05   1.0000000e+00
   1.0000000e+06   1.0000000e+00
   5.0000000e+06   1.0000000e+00
   1.0000000e+07   1.0000000e+00
   5.0000000e+07   1.0000000e+00
   1.0000000e+08   1.0000000e+00
   5.0000000e+08   1.0000000e+00
   1.0000000e+09   1.0000000e+00
   5.0000000e+09   1.0000000e+00
   1.0000000e+10   1.0000000e+00
   1.0000000e+00   6.2500000e-01
   5.0000000e+00   7.4074074e-01
   1.0000000e+01   5.0000000e-01
   5.0000000e+01   7.0370370e-01
   1.0000000e+02   6.8750000e-01
   5.0000000e+02   9.2592593e-01
   1.0000000e+03   9.4736842e-01
   5.0000000e+03   1.0000000e+00
   1.0000000e+04   1.0000000e+00
   5.0000000e+04   1.0000000e+00
   1.0000000e+05   1.0000000e+00
   5.0000000e+05   1.0000000e+00
   1.0000000e+06   1.0000000e+00
   5.0000000e+06   1.0000000e+00
   1.0000000e+07   1.0000000e+00
   5.0000000e+07   1.0000000e+00
   1.0000000e+08   1.0000000e+00
   5.0000000e+08   1.0000000e+00
   1.0000000e+09   1.0000000e+00
   5.0000000e+09   1.0000000e+00
   1.0000000e+10   1.0000000e+00
   1.0000000e+00   4.1666667e-01
   5.0000000e+00   5.3333333e-01
   1.0000000e+01   5.4166667e-01
   5.0000000e+01   8.3333333e-01
   1.0000000e+02   6.6666667e-01
   5.0000000e+02   8.0952381e-01
   1.0000000e+03   1.0000000e+00
   5.0000000e+03   1.0000000e+00
   1.0000000e+04   1.0000000e+00
   5.0000000e+04   1.0000000e+00
   1.0000000e+05   1.0000000e+00
   5.0000000e+05   1.0000000e+00
   1.0000000e+06   1.0000000e+00
   5.0000000e+06   1.0000000e+00
   1.0000000e+07   1.0000000e+00
   5.0000000e+07   1.0000000e+00
   1.0000000e+08   1.0000000e+00
   5.0000000e+08   1.0000000e+00
   1.0000000e+09   1.0000000e+00
   5.0000000e+09   1.0000000e+00
   1.0000000e+10   1.0000000e+00
   1.0000000e+00   5.7142857e-01
   5.0000000e+00   5.8064516e-01
   1.0000000e+01   5.2380952e-01
   5.0000000e+01   7.0967742e-01
   1.0000000e+02   7.1428571e-01
   5.0000000e+02   9.4444444e-01
   1.0000000e+03   1.0000000e+00
   5.0000000e+03   1.0000000e+00
   1.0000000e+04   1.0000000e+00
   5.0000000e+04   1.0000000e+00
   1.0000000e+05   1.0000000e+00
   5.0000000e+05   1.0000000e+00
   1.0000000e+06   1.0000000e+00
   5.0000000e+06   1.0000000e+00
   1.0000000e+07   1.0000000e+00
   5.0000000e+07   1.0000000e+00
   1.0000000e+08   1.0000000e+00
   5.0000000e+08   1.0000000e+00
   1.0000000e+09   1.0000000e+00
   5.0000000e+09   1.0000000e+00
   1.0000000e+10   1.0000000e+00
   1.0000000e+00   8.5000000e-01
   5.0000000e+00   5.6000000e-01
   1.0000000e+01   5.5000000e-01
   5.0000000e+01   6.8000000e-01
   1.0000000e+02   7.0000000e-01
   5.0000000e+02   8.8000000e-01
   1.0000000e+03   1.0000000e+00
   5.0000000e+03   1.0000000e+00
   1.0000000e+04   1.0000000e+00
   5.0000000e+04   1.0000000e+00
   1.0000000e+05   1.0000000e+00
   5.0000000e+05   1.0000000e+00
   1.0000000e+06   1.0000000e+00
   5.0000000e+06   1.0000000e+00
   1.0000000e+07   1.0000000e+00
   5.0000000e+07   1.0000000e+00
   1.0000000e+08   1.0000000e+00
   5.0000000e+08   1.0000000e+00
   1.0000000e+09   1.0000000e+00
   5.0000000e+09   1.0000000e+00
   1.0000000e+10   1.0000000e+00
   1.0000000e+00   4.6428571e-01
   5.0000000e+00   3.3333333e-01
   1.0000000e+01   5.3571429e-01
   5.0000000e+01   6.6666667e-01
   1.0000000e+02   6.0714286e-01
   5.0000000e+02   9.4736842e-01
   1.0000000e+03   1.0000000e+00
   5.0000000e+03   1.0000000e+00
   1.0000000e+04   1.0000000e+00
   5.0000000e+04   1.0000000e+00
   1.0000000e+05   1.0000000e+00
   5.0000000e+05   1.0000000e+00
   1.0000000e+06   1.0000000e+00
   5.0000000e+06   1.0000000e+00
   1.0000000e+07   1.0000000e+00
   5.0000000e+07   1.0000000e+00
   1.0000000e+08   1.0000000e+00
   5.0000000e+08   1.0000000e+00
   1.0000000e+09   1.0000000e+00
   5.0000000e+09   1.0000000e+00
   1.0000000e+10   1.0000000e+00
   1.0000000e+00   6.3636364e-01
   5.0000000e+00   4.3478261e-01
   1.0000000e+01   5.4545455e-01
   5.0000000e+01   5.6521739e-01
   1.0000000e+02   7.2727273e-01
   5.0000000e+02   8.1818182e-01
   1.0000000e+03   1.0000000e+00
   5.0000000e+03   9.6969697e-01
   1.0000000e+04   9.6774194e-01
   5.0000000e+04   1.0000000e+00
   1.0000000e+05   1.0000000e+00
   5.0000000e+05   1.0000000e+00
   1.0000000e+06   1.0000000e+00
   5.0000000e+06   1.0000000e+00
   1.0000000e+07   1.0000000e+00
   5.0000000e+07   1.0000000e+00
   1.0000000e+08   1.0000000e+00
   5.0000000e+08   1.0000000e+00
   1.0000000e+09   1.0000000e+00
   5.0000000e+09   1.0000000e+00
   1.0000000e+10   1.0000000e+00
   1.0000000e+00   8.1818182e-01
   5.0000000e+00   4.4444444e-01
   1.0000000e+01   5.4545455e-01
   5.0000000e+01   7.0370370e-01
   1.0000000e+02   6.8181818e-01
   5.0000000e+02   9.0476190e-01
   1.0000000e+03   1.0000000e+00
   5.0000000e+03   1.0000000e+00
   1.0000000e+04   1.0000000e+00
   5.0000000e+04   1.0000000e+00
   1.0000000e+05   1.0000000e+00
   5.0000000e+05   1.0000000e+00
   1.0000000e+06   1.0000000e+00
   5.0000000e+06   1.0000000e+00
   1.0000000e+07   1.0000000e+00
   5.0000000e+07   1.0000000e+00
   1.0000000e+08   1.0000000e+00
   5.0000000e+08   1.0000000e+00
   1.0000000e+09   1.0000000e+00
   5.0000000e+09   1.0000000e+00
   1.0000000e+10   1.0000000e+00
   1.0000000e+00   4.2424242e-01
   5.0000000e+00   6.2500000e-01
   1.0000000e+01   5.1515152e-01
   5.0000000e+01   5.4166667e-01
   1.0000000e+02   5.4545455e-01
   5.0000000e+02   1.0000000e+00
   1.0000000e+03   1.0000000e+00
   5.0000000e+03   1.0000000e+00
   1.0000000e+04   1.0000000e+00
   5.0000000e+04   1.0000000e+00
   1.0000000e+05   1.0000000e+00
   5.0000000e+05   1.0000000e+00
   1.0000000e+06   1.0000000e+00
   5.0000000e+06   1.0000000e+00
   1.0000000e+07   1.0000000e+00
   5.0000000e+07   1.0000000e+00
   1.0000000e+08   1.0000000e+00
   5.0000000e+08   1.0000000e+00
   1.0000000e+09   1.0000000e+00
   5.0000000e+09   1.0000000e+00
   1.0000000e+10   1.0000000e+00
   1.0000000e+00   4.0000000e-01
   5.0000000e+00   4.6153846e-01
   1.0000000e+01   5.0000000e-01
   5.0000000e+01   5.7692308e-01
   1.0000000e+02   7.3333333e-01
   5.0000000e+02   8.9655172e-01
   1.0000000e+03   9.0476190e-01
   5.0000000e+03   1.0000000e+00
   1.0000000e+04   1.0000000e+00
   5.0000000e+04   1.0000000e+00
   1.0000000e+05   1.0000000e+00
   5.0000000e+05   1.0000000e+00
   1.0000000e+06   1.0000000e+00
   5.0000000e+06   1.0000000e+00
   1.0000000e+07   1.0000000e+00
   5.0000000e+07   1.0000000e+00
   1.0000000e+08   1.0000000e+00
   5.0000000e+08   1.0000000e+00
   1.0000000e+09   1.0000000e+00
   5.0000000e+09   1.0000000e+00
   1.0000000e+10   1.0000000e+00
