   5.0000000e+00   1.0344828e-01
   1.0000000e+03   8.7500000e-01
   5.0000000e+03   9.6000000e-01
   1.0000000e+04   1.0000000e+00
   5.0000000e+04   1.0000000e+00
   1.0000000e+05   1.0000000e+00
   5.0000000e+05   1.0000000e+00
   1.0000000e+06   1.0000000e+00
   5.0000000e+06   1.0000000e+00
   1.0000000e+07   1.0000000e+00
   5.0000000e+07   1.0000000e+00
   1.0000000e+08   1.0000000e+00
   5.0000000e+08   1.0000000e+00
   1.0000000e+09   1.0000000e+00
   5.0000000e+09   1.0000000e+00
   1.0000000e+10   1.0000000e+00
   5.0000000e+02   2.9629630e-01
   1.0000000e+03   8.7500000e-01
   5.0000000e+03   1.0000000e+00
   1.0000000e+04   9.1666667e-01
   5.0000000e+04   9.6551724e-01
   1.0000000e+05   9.5833333e-01
   5.0000000e+05   1.0000000e+00
   1.0000000e+06   1.0000000e+00
   5.0000000e+06   1.0000000e+00
   1.0000000e+07   1.0000000e+00
   5.0000000e+07   1.0000000e+00
   1.0000000e+08   1.0000000e+00
   5.0000000e+08   1.0000000e+00
   1.0000000e+09   1.0000000e+00
   5.0000000e+09   1.0000000e+00
   1.0000000e+10   1.0000000e+00
   5.0000000e+00   1.3043478e-01
   1.0000000e+02   9.5238095e-02
   5.0000000e+02   4.0909091e-01
   1.0000000e+03   9.5833333e-01
   5.0000000e+03   1.0000000e+00
   1.0000000e+04   9.5833333e-01
   5.0000000e+04   9.5238095e-01
   1.0000000e+05   1.0000000e+00
   5.0000000e+05   1.0000000e+00
   1.0000000e+06   1.0000000e+00
   5.0000000e+06   1.0000000e+00
   1.0000000e+07   1.0000000e+00
   5.0000000e+07   1.0000000e+00
   1.0000000e+08   1.0000000e+00
   5.0000000e+08   1.0000000e+00
   1.0000000e+09   1.0000000e+00
   5.0000000e+09   1.0000000e+00
   1.0000000e+10   1.0000000e+00
   1.0000000e+03   9.5652174e-01
   5.0000000e+03   9.4117647e-01
   1.0000000e+04   1.0000000e+00
   5.0000000e+04   1.0000000e+00
   1.0000000e+05   1.0000000e+00
   5.0000000e+05   1.0000000e+00
   1.0000000e+06   1.0000000e+00
   5.0000000e+06   1.0000000e+00
   1.0000000e+07   1.0000000e+00
   5.0000000e+07   1.0000000e+00
   1.0000000e+08   1.0000000e+00
   5.0000000e+08   1.0000000e+00
   1.0000000e+09   1.0000000e+00
   5.0000000e+09   1.0000000e+00
   1.0000000e+10   1.0000000e+00
   1.0000000e+03   9.4444444e-01
   5.0000000e+03   1.0000000e+00
   1.0000000e+04   1.0000000e+00
   5.0000000e+04   9.6000000e-01
   1.0000000e+05   1.0000000e+00
   5.0000000e+05   1.0000000e+00
   1.0000000e+06   1.0000000e+00
   5.0000000e+06   1.0000000e+00
   1.0000000e+07   1.0000000e+00
   5.0000000e+07   1.0000000e+00
   1.0000000e+08   1.0000000e+00
   5.0000000e+08   1.0000000e+00
   1.0000000e+09   1.0000000e+00
   5.0000000e+09   1.0000000e+00
   1.0000000e+10   1.0000000e+00
   1.0000000e+00   1.1538462e-01
   5.0000000e+02   6.6666667e-01
   1.0000000e+03   1.0000000e+00
   5.0000000e+03   1.0000000e+00
   1.0000000e+04   1.0000000e+00
   5.0000000e+04   1.0000000e+00
   1.0000000e+05   1.0000000e+00
   5.0000000e+05   1.0000000e+00
   1.0000000e+06   1.0000000e+00
   5.0000000e+06   1.0000000e+00
   1.0000000e+07   1.0000000e+00
   5.0000000e+07   1.0000000e+00
   1.0000000e+08   1.0000000e+00
   5.0000000e+08   1.0000000e+00
   1.0000000e+09   1.0000000e+00
   5.0000000e+09   1.0000000e+00
   1.0000000e+10   1.0000000e+00
   5.0000000e+02   5.3571429e-01
   1.0000000e+03   8.8888889e-01
   5.0000000e+03   1.0000000e+00
   1.0000000e+04   9.6296296e-01
   5.0000000e+04   1.0000000e+00
   1.0000000e+05   1.0000000e+00
   5.0000000e+05   1.0000000e+00
   1.0000000e+06   1.0000000e+00
   5.0000000e+06   1.0000000e+00
   1.0000000e+07   1.0000000e+00
   5.0000000e+07   1.0000000e+00
   1.0000000e+08   1.0000000e+00
   5.0000000e+08   1.0000000e+00
   1.0000000e+09   1.0000000e+00
   1.0000000e+10   1.0000000e+00
   1.0000000e+00   4.3478261e-02
   5.0000000e+01   2.0000000e-01
   5.0000000e+02   4.0909091e-01
   1.0000000e+03   9.6153846e-01
   5.0000000e+03   9.5454545e-01
   1.0000000e+04   1.0000000e+00
   5.0000000e+04   1.0000000e+00
   1.0000000e+05   1.0000000e+00
   1.0000000e+06   1.0000000e+00
   5.0000000e+06   1.0000000e+00
   1.0000000e+07   1.0000000e+00
   5.0000000e+07   1.0000000e+00
   1.0000000e+08   1.0000000e+00
   5.0000000e+08   1.0000000e+00
   1.0000000e+09   1.0000000e+00
   5.0000000e+09   1.0000000e+00
   1.0000000e+10   1.0000000e+00
   5.0000000e+02   4.4444444e-01
   1.0000000e+03   9.5454545e-01
   5.0000000e+03   1.0000000e+00
   1.0000000e+04   1.0000000e+00
   5.0000000e+04   1.0000000e+00
   1.0000000e+05   1.0000000e+00
   5.0000000e+05   1.0000000e+00
   1.0000000e+06   1.0000000e+00
   5.0000000e+06   1.0000000e+00
   1.0000000e+07   1.0000000e+00
   5.0000000e+07   1.0000000e+00
   1.0000000e+08   1.0000000e+00
   5.0000000e+08   1.0000000e+00
   1.0000000e+09   1.0000000e+00
   5.0000000e+09   1.0000000e+00
   1.0000000e+10   1.0000000e+00
   1.0000000e+03   9.4736842e-01
   5.0000000e+03   9.5833333e-01
   1.0000000e+04   9.4736842e-01
   5.0000000e+04   9.6428571e-01
   1.0000000e+05   1.0000000e+00
   5.0000000e+05   1.0000000e+00
   1.0000000e+06   1.0000000e+00
   5.0000000e+06   1.0000000e+00
   1.0000000e+07   1.0000000e+00
   5.0000000e+07   1.0000000e+00
   1.0000000e+08   1.0000000e+00
   5.0000000e+08   1.0000000e+00
   1.0000000e+09   1.0000000e+00
   1.0000000e+10   1.0000000e+00
   1.0000000e+03   9.6774194e-01
   5.0000000e+03   1.0000000e+00
   1.0000000e+04   1.0000000e+00
   5.0000000e+04   1.0000000e+00
   1.0000000e+05   1.0000000e+00
   5.0000000e+05   1.0000000e+00
   1.0000000e+06   1.0000000e+00
   5.0000000e+06   1.0000000e+00
   1.0000000e+07   1.0000000e+00
   5.0000000e+07   1.0000000e+00
   1.0000000e+08   1.0000000e+00
   5.0000000e+08   1.0000000e+00
   1.0000000e+09   1.0000000e+00
   5.0000000e+09   1.0000000e+00
   1.0000000e+10   1.0000000e+00
   5.0000000e+02   5.2000000e-01
   1.0000000e+03   1.0000000e+00
   5.0000000e+03   1.0000000e+00
   1.0000000e+04   9.0000000e-01
   5.0000000e+04   1.0000000e+00
   1.0000000e+05   9.0000000e-01
   5.0000000e+05   1.0000000e+00
   1.0000000e+06   1.0000000e+00
   5.0000000e+06   1.0000000e+00
   1.0000000e+07   1.0000000e+00
   5.0000000e+07   1.0000000e+00
   1.0000000e+08   1.0000000e+00
   5.0000000e+08   1.0000000e+00
   1.0000000e+09   1.0000000e+00
   5.0000000e+09   1.0000000e+00
   1.0000000e+10   1.0000000e+00
   1.0000000e+00   0.0000000e+00
   1.0000000e+01   8.8235294e-02
   5.0000000e+02   4.0625000e-01
   1.0000000e+03   9.0909091e-01
   5.0000000e+03   1.0000000e+00
   1.0000000e+04   1.0000000e+00
   5.0000000e+04   1.0000000e+00
   1.0000000e+05   9.6969697e-01
   5.0000000e+05   1.0000000e+00
   1.0000000e+06   1.0000000e+00
   5.0000000e+06   1.0000000e+00
   1.0000000e+07   1.0000000e+00
   5.0000000e+07   1.0000000e+00
   1.0000000e+08   1.0000000e+00
   5.0000000e+08   1.0000000e+00
   1.0000000e+09   1.0000000e+00
   5.0000000e+09   1.0000000e+00
   1.0000000e+10   1.0000000e+00
   1.0000000e+00   1.1111111e-01
   5.0000000e+00   1.2903226e-01
   5.0000000e+02   4.6875000e-01
   1.0000000e+03   9.5652174e-01
   5.0000000e+03   9.6875000e-01
   1.0000000e+04   1.0000000e+00
   5.0000000e+04   1.0000000e+00
   1.0000000e+05   1.0000000e+00
   5.0000000e+05   1.0000000e+00
   1.0000000e+06   1.0000000e+00
   5.0000000e+06   1.0000000e+00
   1.0000000e+07   1.0000000e+00
   5.0000000e+07   1.0000000e+00
   1.0000000e+08   1.0000000e+00
   5.0000000e+08   1.0000000e+00
   1.0000000e+09   1.0000000e+00
   5.0000000e+09   1.0000000e+00
   1.0000000e+10   1.0000000e+00
   1.0000000e+01   8.3333333e-02
   5.0000000e+02   6.0000000e-01
   1.0000000e+03   1.0000000e+00
   5.0000000e+03   9.6666667e-01
   1.0000000e+04   1.0000000e+00
   5.0000000e+04   1.0000000e+00
   1.0000000e+05   1.0000000e+00
   5.0000000e+05   1.0000000e+00
   1.0000000e+06   1.0000000e+00
   5.0000000e+06   1.0000000e+00
   1.0000000e+07   1.0000000e+00
   5.0000000e+07   1.0000000e+00
   1.0000000e+08   1.0000000e+00
   5.0000000e+08   1.0000000e+00
   1.0000000e+09   1.0000000e+00
   5.0000000e+09   1.0000000e+00
   1.0000000e+10   1.0000000e+00
   5.0000000e+00   1.6000000e-01
   1.0000000e+01   9.5238095e-02
   5.0000000e+01   1.2000000e-01
   1.0000000e+02   2.3809524e-01
   5.0000000e+02   5.3846154e-01
   1.0000000e+03   9.0909091e-01
   5.0000000e+03   9.6153846e-01
   1.0000000e+04   1.0000000e+00
   5.0000000e+04   1.0000000e+00
   1.0000000e+05   1.0000000e+00
   5.0000000e+05   1.0000000e+00
   1.0000000e+06   1.0000000e+00
   5.0000000e+06   1.0000000e+00
   1.0000000e+07   1.0000000e+00
   5.0000000e+07   1.0000000e+00
   1.0000000e+08   1.0000000e+00
   5.0000000e+08   1.0000000e+00
   1.0000000e+09   1.0000000e+00
   5.0000000e+09   1.0000000e+00
   1.0000000e+10   1.0000000e+00
   5.0000000e+02   6.4516129e-01
   1.0000000e+03   9.6428571e-01
   5.0000000e+03   1.0000000e+00
   1.0000000e+04   1.0000000e+00
   5.0000000e+04   1.0000000e+00
   1.0000000e+05   1.0000000e+00
   5.0000000e+05   1.0000000e+00
   1.0000000e+06   1.0000000e+00
   5.0000000e+06   1.0000000e+00
   1.0000000e+07   1.0000000e+00
   5.0000000e+07   1.0000000e+00
   1.0000000e+08   1.0000000e+00
   5.0000000e+08   1.0000000e+00
   1.0000000e+09   1.0000000e+00
   5.0000000e+09   1.0000000e+00
   1.0000000e+10   1.0000000e+00
   5.0000000e+01   1.8181818e-01
   1.0000000e+03   8.0000000e-01
   5.0000000e+03   9.3548387e-01
   1.0000000e+04   1.0000000e+00
   5.0000000e+04   1.0000000e+00
   1.0000000e+05   1.0000000e+00
   5.0000000e+05   1.0000000e+00
   1.0000000e+06   1.0000000e+00
   5.0000000e+06   1.0000000e+00
   1.0000000e+07   1.0000000e+00
   5.0000000e+07   1.0000000e+00
   1.0000000e+08   1.0000000e+00
   5.0000000e+08   1.0000000e+00
   1.0000000e+09   1.0000000e+00
   5.0000000e+09   1.0000000e+00
   1.0000000e+10   1.0000000e+00
   1.0000000e+02   2.3076923e-01
   1.0000000e+03   1.0000000e+00
   5.0000000e+03   9.5833333e-01
   1.0000000e+04   9.5238095e-01
   5.0000000e+04   1.0000000e+00
   1.0000000e+05   1.0000000e+00
   5.0000000e+05   1.0000000e+00
   1.0000000e+06   1.0000000e+00
   5.0000000e+06   1.0000000e+00
   1.0000000e+07   1.0000000e+00
   5.0000000e+07   1.0000000e+00
   1.0000000e+08   1.0000000e+00
   5.0000000e+08   1.0000000e+00
   1.0000000e+09   1.0000000e+00
   5.0000000e+09   1.0000000e+00
   1.0000000e+10   1.0000000e+00
   1.0000000e+03   9.1666667e-01
   5.0000000e+03   1.0000000e+00
   1.0000000e+04   1.0000000e+00
   5.0000000e+04   1.0000000e+00
   1.0000000e+05   1.0000000e+00
   5.0000000e+05   1.0000000e+00
   1.0000000e+06   1.0000000e+00
   5.0000000e+06   1.0000000e+00
   1.0000000e+07   1.0000000e+00
   5.0000000e+07   1.0000000e+00
   1.0000000e+08   1.0000000e+00
   5.0000000e+08   1.0000000e+00
   1.0000000e+09   1.0000000e+00
   5.0000000e+09   1.0000000e+00
   1.0000000e+10   1.0000000e+00
   1.0000000e+03   1.0000000e+00
   5.0000000e+03   9.6428571e-01
   1.0000000e+04   1.0000000e+00
   5.0000000e+04   9.6875000e-01
   1.0000000e+05   1.0000000e+00
   5.0000000e+05   1.0000000e+00
   1.0000000e+06   1.0000000e+00
   5.0000000e+06   1.0000000e+00
   1.0000000e+07   1.0000000e+00
   5.0000000e+07   1.0000000e+00
   1.0000000e+08   1.0000000e+00
   5.0000000e+08   1.0000000e+00
   1.0000000e+09   1.0000000e+00
   5.0000000e+09   1.0000000e+00
   1.0000000e+10   1.0000000e+00
   1.0000000e+00   9.3750000e-02
   5.0000000e+01   1.8518519e-01
   1.0000000e+02   1.8750000e-01
   5.0000000e+02   3.7037037e-01
   1.0000000e+03   8.9473684e-01
   5.0000000e+03   9.6296296e-01
   1.0000000e+04   1.0000000e+00
   5.0000000e+04   1.0000000e+00
   1.0000000e+05   1.0000000e+00
   5.0000000e+05   1.0000000e+00
   1.0000000e+06   1.0000000e+00
   5.0000000e+06   1.0000000e+00
   1.0000000e+07   1.0000000e+00
   5.0000000e+07   1.0000000e+00
   1.0000000e+08   1.0000000e+00
   5.0000000e+08   1.0000000e+00
   1.0000000e+09   1.0000000e+00
   5.0000000e+09   1.0000000e+00
   1.0000000e+10   1.0000000e+00
   5.0000000e+01   2.0000000e-01
   1.0000000e+03   9.1304348e-01
   5.0000000e+03   1.0000000e+00
   1.0000000e+04   1.0000000e+00
   5.0000000e+04   1.0000000e+00
   1.0000000e+05   1.0000000e+00
   5.0000000e+05   1.0000000e+00
   1.0000000e+06   1.0000000e+00
   5.0000000e+06   1.0000000e+00
   1.0000000e+07   1.0000000e+00
   5.0000000e+07   1.0000000e+00
   1.0000000e+08   1.0000000e+00
   5.0000000e+08   1.0000000e+00
   1.0000000e+09   1.0000000e+00
   5.0000000e+09   1.0000000e+00
   1.0000000e+10   1.0000000e+00
   5.0000000e+02   5.0000000e-01
   1.0000000e+03   1.0000000e+00
   5.0000000e+03   1.0000000e+00
   1.0000000e+04   1.0000000e+00
   5.0000000e+04   1.0000000e+00
   1.0000000e+05   1.0000000e+00
   5.0000000e+05   1.0000000e+00
   1.0000000e+06   1.0000000e+00
   5.0000000e+06   1.0000000e+00
   1.0000000e+07   1.0000000e+00
   5.0000000e+07   1.0000000e+00
   1.0000000e+08   1.0000000e+00
   5.0000000e+08   1.0000000e+00
   1.0000000e+09   1.0000000e+00
   5.0000000e+09   1.0000000e+00
   1.0000000e+10   1.0000000e+00
   5.0000000e+01   1.2000000e-01
   1.0000000e+03   9.2857143e-01
   5.0000000e+03   9.6000000e-01
   1.0000000e+04   1.0000000e+00
   5.0000000e+04   1.0000000e+00
   1.0000000e+05   1.0000000e+00
   5.0000000e+05   1.0000000e+00
   1.0000000e+06   1.0000000e+00
   5.0000000e+06   1.0000000e+00
   1.0000000e+07   1.0000000e+00
   5.0000000e+07   1.0000000e+00
   1.0000000e+08   1.0000000e+00
   5.0000000e+08   1.0000000e+00
   1.0000000e+09   1.0000000e+00
   5.0000000e+09   1.0000000e+00
   1.0000000e+10   1.0000000e+00
   5.0000000e+02   4.2105263e-01
   1.0000000e+03   1.0000000e+00
   5.0000000e+03   1.0000000e+00
   1.0000000e+04   9.6428571e-01
   5.0000000e+04   1.0000000e+00
   1.0000000e+05   1.0000000e+00
   5.0000000e+05   1.0000000e+00
   1.0000000e+06   1.0000000e+00
   5.0000000e+06   1.0000000e+00
   1.0000000e+07   1.0000000e+00
   5.0000000e+07   1.0000000e+00
   1.0000000e+08   1.0000000e+00
   5.0000000e+08   1.0000000e+00
   1.0000000e+09   1.0000000e+00
   5.0000000e+09   1.0000000e+00
   1.0000000e+10   1.0000000e+00
   5.0000000e+02   4.5454545e-01
   1.0000000e+03   9.6774194e-01
   5.0000000e+03   9.6969697e-01
   1.0000000e+04   9.3548387e-01
   5.0000000e+04   1.0000000e+00
   1.0000000e+05   1.0000000e+00
   1.0000000e+06   1.0000000e+00
   5.0000000e+06   1.0000000e+00
   1.0000000e+07   1.0000000e+00
   5.0000000e+07   1.0000000e+00
   1.0000000e+08   1.0000000e+00
   5.0000000e+08   1.0000000e+00
   1.0000000e+09   1.0000000e+00
   5.0000000e+09   1.0000000e+00
   1.0000000e+10   1.0000000e+00
   5.0000000e+00   1.4814815e-01
   1.0000000e+01   9.0909091e-02
   5.0000000e+01   1.4814815e-01
   5.0000000e+02   5.7142857e-01
   1.0000000e+03   9.5454545e-01
   5.0000000e+03   1.0000000e+00
   1.0000000e+04   1.0000000e+00
   5.0000000e+04   1.0000000e+00
   1.0000000e+05   1.0000000e+00
   5.0000000e+05   1.0000000e+00
   1.0000000e+06   1.0000000e+00
   5.0000000e+06   1.0000000e+00
   1.0000000e+07   1.0000000e+00
   5.0000000e+07   1.0000000e+00
   1.0000000e+08   1.0000000e+00
   5.0000000e+08   1.0000000e+00
   1.0000000e+09   1.0000000e+00
   5.0000000e+09   1.0000000e+00
   1.0000000e+10   1.0000000e+00
   5.0000000e+02   6.4285714e-01
   1.0000000e+03   9.6153846e-01
   5.0000000e+03   1.0000000e+00
   1.0000000e+04   9.6153846e-01
   5.0000000e+04   1.0000000e+00
   1.0000000e+05   1.0000000e+00
   5.0000000e+05   1.0000000e+00
   1.0000000e+06   1.0000000e+00
   5.0000000e+06   1.0000000e+00
   1.0000000e+07   1.0000000e+00
   5.0000000e+07   1.0000000e+00
   1.0000000e+08   1.0000000e+00
   5.0000000e+08   1.0000000e+00
   1.0000000e+09   1.0000000e+00
   5.0000000e+09   1.0000000e+00
   1.0000000e+10   1.0000000e+00
   1.0000000e+00   6.6666667e-02
   5.0000000e+00   1.5384615e-01
   1.0000000e+02   1.6666667e-01
   5.0000000e+02   4.8275862e-01
   1.0000000e+03   8.5714286e-01
   5.0000000e+03   9.3103448e-01
   1.0000000e+04   9.5238095e-01
   5.0000000e+04   1.0000000e+00
   1.0000000e+05   9.5238095e-01
   5.0000000e+05   1.0000000e+00
   1.0000000e+06   1.0000000e+00
   5.0000000e+06   1.0000000e+00
   1.0000000e+07   1.0000000e+00
   5.0000000e+07   1.0000000e+00
   1.0000000e+08   1.0000000e+00
   5.0000000e+08   1.0000000e+00
   1.0000000e+09   1.0000000e+00
   5.0000000e+09   1.0000000e+00
   1.0000000e+10   1.0000000e+00
