0.00   35.62   2.98
0.20   35.28   3.56
0.40   44.04   6.03
0.60   48.60   5.98
0.80   51.96   4.75
1.00   54.75   5.58
1.20   54.73   5.19
1.40   53.19   5.80
1.60   52.42   4.18
1.80   53.78   5.91
2.00   53.47   4.64
2.20   53.74   6.74
2.40   53.15   4.88
2.60   52.58   5.24
2.80   51.43   5.12
3.00   49.32   4.53
3.20   48.32   4.84
3.40   51.51   5.03
3.60   51.85   5.37
3.80   50.10   5.17
4.00   49.31   4.74
4.20   48.66   5.53
4.40   47.01   4.52
4.60   47.40   5.01
4.80   46.29   4.58
5.00   47.12   5.15
5.20   47.70   4.50
5.40   47.36   3.33
5.60   46.92   5.48
5.80   45.67   5.22
6.00   48.14   5.20
6.50   47.41   3.81
7.00   47.25   5.59
7.50   46.74   3.97
8.00   49.40   3.98
8.50   48.16   3.84
9.00   47.43   4.26
10.00   45.91   5.11
