0.00   199.11   4.70
0.50   330.02   13.40
1.00   363.39   10.80
1.50   367.02   8.38
2.00   378.95   12.06
2.50   379.54   12.52
3.00   383.80   10.79
3.50   391.38   12.91
4.00   385.61   11.82
4.50   388.47   15.19
5.00   389.12   13.70
5.50   389.09   14.11
6.00   388.80   11.98
6.50   389.88   8.66
7.00   390.08   11.93
7.50   392.40   10.05
8.00   399.94   14.44
8.50   394.50   10.60
9.00   394.20   11.44
9.50   393.25   13.95
10.00   398.10   10.32
10.50   393.44   10.16
11.00   391.23   11.23
11.50   400.31   11.78
12.00   392.78   13.88
12.50   392.22   11.71
13.00   395.06   13.11
13.50   396.06   15.60
14.00   394.71   11.88
14.50   401.34   10.01
15.00   401.10   13.39
15.50   398.02   14.91
16.00   400.55   13.81
16.50   400.77   14.16
17.00   399.88   12.69
17.50   400.95   9.10
18.00   406.51   11.86
18.50   400.18   14.65
19.00   402.85   15.08
19.50   402.52   12.81
20.00   401.99   15.80
